0.638307648642
4
-4.	14.149820678678088
-3.995	14.134820678678087
-3.99	14.119820678678089
-3.985	14.104820678678088
-3.98	14.089820678678088
-3.975	14.074820678678089
-3.97	14.059820678678088
-3.965	14.044820678678088
-3.96	14.029820678678089
-3.955	14.014820678678088
-3.95	13.999820678678088
-3.945	13.984820678678087
-3.94	13.969820678678088
-3.935	13.954820678678088
-3.93	13.939820678678087
-3.925	13.924820678678088
-3.92	13.909820678678088
-3.915	13.894820678678087
-3.91	13.879820678678088
-3.905	13.864820678678088
-3.9	13.849820678678087
-3.895	13.834820678678089
-3.89	13.819820678678088
-3.885	13.804820678678087
-3.88	13.789820678678089
-3.875	13.774820678678088
-3.87	13.759820678678087
-3.865	13.744820678678089
-3.86	13.729820678678088
-3.855	13.714820678678088
-3.85	13.699820678678089
-3.845	13.684820678678088
-3.84	13.669820678678088
-3.835	13.654820678678087
-3.83	13.639820678678088
-3.825	13.624820678678088
-3.82	13.609820678678087
-3.815	13.594820678678088
-3.81	13.579820678678088
-3.805	13.564820678678087
-3.8	13.549820678678088
-3.795	13.534820678678088
-3.79	13.519820678678087
-3.785	13.504820678678088
-3.78	13.489820678678088
-3.775	13.474820678678087
-3.77	13.459820678678089
-3.765	13.444820678678088
-3.76	13.429820678678087
-3.755	13.414820678678089
-3.75	13.399820678678088
-3.745	13.384820678678087
-3.74	13.369820678678089
-3.735	13.354820678678088
-3.73	13.339820678678088
-3.725	13.324820678678089
-3.72	13.309820678678088
-3.715	13.294820678678088
-3.71	13.279820678678089
-3.705	13.264820678678088
-3.7	13.249820678678088
-3.695	13.234820678678089
-3.69	13.219820678678088
-3.685	13.204820678678088
-3.68	13.189820678678087
-3.675	13.174820678678088
-3.67	13.159820678678088
-3.665	13.144820678678087
-3.66	13.129820678678088
-3.655	13.114820678678088
-3.65	13.099820678678087
-3.645	13.084820678678089
-3.64	13.069820678678088
-3.635	13.054820678678087
-3.63	13.039820678678089
-3.625	13.024820678678088
-3.62	13.009820678678087
-3.615	12.994820678678089
-3.61	12.979820678678088
-3.605	12.964820678678088
-3.6	12.949820678678089
-3.595	12.934820678678088
-3.59	12.919820678678088
-3.585	12.904820678678089
-3.58	12.889820678678088
-3.575	12.874820678678088
-3.57	12.859820678678089
-3.565	12.844820678678088
-3.56	12.829820678678088
-3.555	12.814820678678087
-3.55	12.799820678678088
-3.545	12.784820678678088
-3.54	12.769820678678087
-3.535	12.754820678678088
-3.53	12.739820678678088
-3.525	12.724820678678087
-3.52	12.709820678678089
-3.515	12.694820678678088
-3.51	12.679820678678087
-3.505	12.664820678678089
-3.5	12.649820678678088
-3.495	12.634820678678087
-3.49	12.619820678678089
-3.485	12.604820678678088
-3.48	12.589820678678088
-3.475	12.574820678678089
-3.47	12.559820678678088
-3.465	12.544820678678088
-3.46	12.529820678678089
-3.455	12.514820678678088
-3.45	12.499820678678088
-3.445	12.484820678678087
-3.44	12.469820678678088
-3.435	12.454820678678088
-3.43	12.439820678678087
-3.425	12.424820678678088
-3.42	12.409820678678088
-3.415	12.394820678678087
-3.41	12.379820678678088
-3.405	12.364820678678088
-3.4	12.349820678678087
-3.395	12.334820678678089
-3.39	12.319820678678088
-3.385	12.304820678678087
-3.38	12.289820678678089
-3.375	12.274820678678088
-3.37	12.259820678678087
-3.365	12.244820678678089
-3.36	12.229820678678088
-3.355	12.214820678678088
-3.35	12.199820678678089
-3.345	12.184820678678088
-3.34	12.169820678678088
-3.335	12.154820678678089
-3.33	12.139820678678088
-3.325	12.124820678678088
-3.32	12.109820678678087
-3.315	12.094820678678088
-3.31	12.079820678678088
-3.305	12.064820678678087
-3.3	12.049820678678088
-3.295	12.034820678678088
-3.29	12.019820678678087
-3.285	12.004820678678088
-3.28	11.989820678678088
-3.275	11.974820678678087
-3.27	11.959820678678089
-3.265	11.944820678678088
-3.26	11.929820678678087
-3.255	11.914820678678089
-3.25	11.899820678678088
-3.245	11.884820678678087
-3.24	11.869820678678089
-3.235	11.854820678678088
-3.23	11.839820678678088
-3.225	11.824820678678089
-3.22	11.809820678678088
-3.215	11.794820678678088
-3.21	11.779820678678089
-3.205	11.764820678678088
-3.2	11.749820678678088
-3.195	11.734820678678087
-3.19	11.719820678678088
-3.185	11.704820678678088
-3.18	11.689820678678087
-3.175	11.674820678678088
-3.17	11.659820678678088
-3.165	11.644820678678087
-3.16	11.629820678678088
-3.155	11.614820678678088
-3.15	11.599820678678087
-3.145	11.584820678678089
-3.14	11.569820678678088
-3.135	11.554820678678087
-3.13	11.539820678678089
-3.125	11.524820678678088
-3.12	11.509820678678087
-3.115	11.494820678678089
-3.11	11.479820678678088
-3.105	11.464820678678088
-3.1	11.449820678678089
-3.095	11.434820678678088
-3.09	11.419820678678088
-3.085	11.404820678678087
-3.08	11.389820678678088
-3.075	11.374820678678088
-3.07	11.359820678678087
-3.065	11.344820678678088
-3.06	11.329820678678088
-3.055	11.314820678678087
-3.05	11.299820678678088
-3.045	11.284820678678088
-3.04	11.269820678678087
-3.035	11.254820678678088
-3.03	11.239820678678088
-3.025	11.224820678678087
-3.02	11.209820678678089
-3.015	11.194820678678088
-3.01	11.179820678678087
-3.005	11.164820678678089
-3.	11.149820678678088
-2.995	11.134820678678087
-2.99	11.119820678678089
-2.985	11.104820678678088
-2.98	11.089820678678088
-2.975	11.074820678678089
-2.97	11.059820678678088
-2.965	11.044820678678088
-2.96	11.029820678678089
-2.955	11.014820678678088
-2.95	10.999820678678088
-2.945	10.984820678678087
-2.94	10.969820678678088
-2.935	10.954820678678088
-2.93	10.939820678678087
-2.925	10.924820678678088
-2.92	10.909820678678088
-2.915	10.894820678678087
-2.91	10.879820678678088
-2.905	10.864820678678088
-2.9	10.849820678678087
-2.895	10.834820678678089
-2.89	10.819820678678088
-2.885	10.804820678678087
-2.88	10.789820678678089
-2.875	10.774820678678088
-2.87	10.759820678678087
-2.865	10.744820678678089
-2.86	10.729820678678088
-2.855	10.714820678678088
-2.85	10.699820678678089
-2.845	10.684820678678088
-2.84	10.669820678678088
-2.835	10.654820678678089
-2.83	10.639820678678088
-2.825	10.624820678678088
-2.82	10.609820678678087
-2.815	10.594820678678088
-2.81	10.579820678678088
-2.805	10.564820678678087
-2.8	10.549820678678088
-2.795	10.534820678678088
-2.79	10.519820678678087
-2.785	10.504820678678088
-2.78	10.489820678678088
-2.775	10.474820678678087
-2.77	10.459820678678089
-2.765	10.444820678678088
-2.76	10.429820678678087
-2.755	10.414820678678089
-2.75	10.399820678678088
-2.745	10.384820678678087
-2.74	10.369820678678089
-2.735	10.354820678678088
-2.73	10.339820678678088
-2.725	10.324820678678089
-2.72	10.309820678678088
-2.715	10.294820678678088
-2.71	10.279820678678089
-2.705	10.264820678678088
-2.7	10.249820678678088
-2.695	10.234820678678087
-2.69	10.219820678678088
-2.685	10.204820678678088
-2.68	10.189820678678087
-2.675	10.174820678678088
-2.67	10.159820678678088
-2.665	10.144820678678087
-2.66	10.129820678678088
-2.655	10.114820678678088
-2.65	10.099820678678087
-2.645	10.084820678678089
-2.64	10.069820678678088
-2.635	10.054820678678087
-2.63	10.039820678678089
-2.625	10.024820678678088
-2.62	10.009820678678087
-2.615	9.994820678678089
-2.61	9.979820678678088
-2.605	9.964820678678088
-2.6	9.949820678678089
-2.595	9.934820678678088
-2.59	9.919820678678088
-2.585	9.904820678678089
-2.58	9.889820678678088
-2.575	9.874820678678088
-2.57	9.859820678678089
-2.565	9.844820678678088
-2.56	9.829820678678088
-2.555	9.814820678678087
-2.55	9.799820678678088
-2.545	9.784820678678088
-2.54	9.769820678678087
-2.535	9.754820678678088
-2.53	9.739820678678088
-2.525	9.724820678678087
-2.52	9.709820678678089
-2.515	9.694820678678088
-2.51	9.679820678678087
-2.505	9.664820678678089
-2.5	9.649820678678088
-2.495	9.634820678678087
-2.49	9.619820678678089
-2.485	9.604820678678088
-2.48	9.589820678678088
-2.475	9.574820678678089
-2.47	9.559820678678088
-2.465	9.544820678678088
-2.46	9.529820678678089
-2.455	9.514820678678088
-2.45	9.499820678678088
-2.445	9.484820678678089
-2.44	9.469820678678088
-2.435	9.454820678678088
-2.43	9.439820678678087
-2.425	9.424820678678088
-2.42	9.409820678678088
-2.415	9.394820678678087
-2.41	9.379820678678088
-2.405	9.364820678678088
-2.4	9.349820678678087
-2.395	9.334820678678089
-2.39	9.319820678678088
-2.385	9.304820678678087
-2.38	9.289820678678089
-2.375	9.274820678678088
-2.37	9.259820678678087
-2.365	9.244820678678089
-2.36	9.229820678678088
-2.355	9.214820678678088
-2.35	9.199820678678089
-2.345	9.184820678678088
-2.34	9.169820678678088
-2.335	9.154820678678089
-2.33	9.139820678678088
-2.325	9.124820678678088
-2.32	9.109820678678087
-2.315	9.094820678678088
-2.31	9.079820678678088
-2.305	9.064820678678087
-2.3	9.049820678678088
-2.295	9.034820678678088
-2.29	9.019820678678087
-2.285	9.004820678678088
-2.28	8.989820678678088
-2.275	8.974820678678087
-2.27	8.959820678678089
-2.265	8.944820678678088
-2.26	8.929820678678087
-2.255	8.914820678678089
-2.25	8.899820678678088
-2.245	8.884820678678087
-2.24	8.869820678678089
-2.235	8.854820678678088
-2.23	8.839820678678088
-2.225	8.824820678678089
-2.22	8.809820678678088
-2.215	8.794820678678088
-2.21	8.779820678678089
-2.205	8.764820678678088
-2.2	8.749820678678088
-2.195	8.734820678678087
-2.19	8.719820678678088
-2.185	8.704820678678088
-2.18	8.689820678678087
-2.175	8.674820678678088
-2.17	8.659820678678088
-2.165	8.644820678678087
-2.16	8.629820678678088
-2.155	8.614820678678088
-2.15	8.599820678678087
-2.145	8.584820678678089
-2.14	8.569820678678088
-2.135	8.554820678678087
-2.13	8.539820678678089
-2.125	8.524820678678088
-2.12	8.509820678678087
-2.115	8.494820678678089
-2.11	8.479820678678088
-2.105	8.464820678678088
-2.1	8.449820678678089
-2.095	8.434820678678088
-2.09	8.419820678678088
-2.085	8.404820678678089
-2.08	8.389820678678088
-2.075	8.374820678678088
-2.07	8.359820678678087
-2.065	8.344820678678088
-2.06	8.329820678678088
-2.055	8.314820678678087
-2.05	8.299820678678088
-2.045	8.284820678678088
-2.04	8.269820678678087
-2.035	8.254820678678088
-2.03	8.239820678678088
-2.025	8.224820678678087
-2.02	8.209820678678089
-2.015	8.194820678678088
-2.01	8.179820678678087
-2.005	8.164820678678089
-2.	8.149820678678088
-1.995	8.134820678678087
-1.99	8.119820678678089
-1.985	8.104820678678088
-1.98	8.089820678678088
-1.975	8.074820678678089
-1.97	8.059820678678088
-1.965	8.044820678678088
-1.96	8.029820678678089
-1.955	8.014820678678088
-1.95	7.999820678678088
-1.945	7.984820678678088
-1.94	7.969820678678088
-1.935	7.954820678678088
-1.93	7.939820678678088
-1.925	7.924820678678088
-1.92	7.909820678678088
-1.915	7.894820678678088
-1.91	7.8798206786780876
-1.905	7.864820678678088
-1.9	7.849820678678088
-1.895	7.834820678678088
-1.89	7.819820678678088
-1.885	7.804820678678088
-1.88	7.789820678678088
-1.875	7.774820678678088
-1.87	7.759820678678088
-1.865	7.744820678678088
-1.86	7.729820678678088
-1.855	7.7148206786780875
-1.85	7.699820678678088
-1.845	7.684820678678088
-1.84	7.669820678678088
-1.835	7.654820678678088
-1.83	7.639820678678088
-1.825	7.624820678678088
-1.82	7.609820678678088
-1.815	7.594820678678088
-1.81	7.579820678678088
-1.805	7.564820678678088
-1.8	7.549820678678088
-1.795	7.534820678678088
-1.79	7.519820678678088
-1.785	7.5048206786780876
-1.78	7.489820678678088
-1.775	7.474820678678088
-1.77	7.459820678678088
-1.765	7.444820678678088
-1.76	7.429820678678088
-1.755	7.414820678678088
-1.75	7.399820678678088
-1.745	7.384820678678088
-1.74	7.369820678678088
-1.735	7.354820678678088
-1.73	7.339820678678088
-1.725	7.324820678678088
-1.72	7.309820678678088
-1.715	7.2948206786780885
-1.71	7.279820678678088
-1.705	7.264820678678088
-1.7	7.2498206786780885
-1.695	7.234820678678088
-1.69	7.219820678678088
-1.685	7.204820678678089
-1.68	7.189820678678089
-1.675	7.174820678678089
-1.67	7.15982067867809
-1.665	7.14482067867809
-1.66	7.12982067867809
-1.655	7.1148206786780905
-1.65	7.099820678678092
-1.645	7.084820678678092
-1.64	7.069820678678093
-1.635	7.054820678678095
-1.63	7.039820678678097
-1.625	7.0248206786781
-1.62	7.0098206786781025
-1.615	6.9948206786781055
-1.61	6.97982067867811
-1.605	6.964820678678116
-1.6	6.949820678678123
-1.595	6.934820678678132
-1.59	6.919820678678143
-1.585	6.904820678678155
-1.58	6.889820678678172
-1.575	6.874820678678192
-1.57	6.859820678678216
-1.565	6.8448206786782455
-1.56	6.829820678678281
-1.555	6.814820678678325
-1.55	6.799820678678378
-1.545	6.784820678678442
-1.54	6.76982067867852
-1.535	6.754820678678614
-1.53	6.7398206786787265
-1.525	6.724820678678863
-1.52	6.709820678679025
-1.515	6.69482067867922
-1.51	6.679820678679453
-1.505	6.664820678679731
-1.5	6.649820678680062
-1.495	6.634820678680457
-1.49	6.619820678680925
-1.485	6.60482067868148
-1.48	6.589820678682137
-1.475	6.574820678682913
-1.47	6.5598206786838285
-1.465	6.544820678684907
-1.46	6.529820678686176
-1.455	6.5148206786876655
-1.45	6.499820678689412
-1.445	6.484820678691457
-1.44	6.469820678693846
-1.435	6.4548206786966364
-1.43	6.4398206786998875
-1.425	6.424820678703672
-1.42	6.40982067870807
-1.415	6.394820678713175
-1.41	6.37982067871909
-1.405	6.364820678725937
-1.4	6.34982067873385
-1.395	6.334820678742983
-1.39	6.319820678753512
-1.385	6.3048206787656325
-1.38	6.289820678779568
-1.375	6.27482067879557
-1.37	6.25982067881392
-1.365	6.244820678834938
-1.36	6.2298206788589825
-1.355	6.214820678886454
-1.35	6.1998206789178045
-1.345	6.184820678953539
-1.34	6.169820678994222
-1.335	6.154820679040486
-1.33	6.1398206790930345
-1.325	6.124820679152655
-1.32	6.109820679220223
-1.315	6.094820679296713
-1.31	6.079820679383207
-1.305	6.064820679480911
-1.3	6.049820679591156
-1.295	6.0348206797154225
-1.29	6.019820679855346
-1.285	6.004820680012739
-1.28	5.989820680189601
-1.275	5.974820680388139
-1.27	5.959820680610789
-1.265	5.944820680860234
-1.26	5.929820681139426
-1.255	5.914820681451614
-1.25	5.899820681800366
-1.245	5.8848206821895985
-1.24	5.869820682623609
-1.235	5.854820683107105
-1.23	5.839820683645243
-1.225	5.824820684243664
-1.22	5.809820684908533
-1.215	5.7948206856465845
-1.21	5.779820686465168
-1.205	5.764820687372299
-1.2	5.749820688376711
-1.195	5.734820689487912
-1.19	5.719820690716249
-1.185	5.704820692072969
-1.18	5.689820693570289
-1.175	5.6748206952214755
-1.17	5.6598206970409155
-1.165	5.644820699044208
-1.16	5.6298207012482475
-1.155	5.614820703671326
-1.15	5.5998207063332295
-1.145	5.584820709255348
-1.14	5.569820712460791
-1.135	5.554820715974508
-1.13	5.539820719823418
-1.125	5.524820724036547
-1.12	5.509820728645176
-1.115	5.494820733682989
-1.11	5.479820739186241
-1.105	5.464820745193933
-1.1	5.449820751747987
-1.095	5.4348207588934505
-1.09	5.419820766678688
-1.085	5.40482077515561
-1.08	5.389820784379892
-1.075	5.37482079441122
-1.07	5.359820805313547
-1.065	5.344820817155355
-1.06	5.329820830009944
-1.055	5.314820843955729
-1.05	5.299820859076555
-1.045	5.2848208754620245
-1.04	5.2698208932078545
-1.035	5.254820912416236
-1.03	5.239820933196228
-1.025	5.224820955664157
-1.02	5.20982097994405
-1.015	5.194821006168085
-1.01	5.17982103447706
-1.005	5.164821065020892
-1.	5.150299619261356
-0.996666666667	5.140306988554819
-0.993333333333	5.130314487526454
-0.99	5.12032230189749
-0.986666666667	5.110329749181444
-0.983333333333	5.1003378469168075
-0.98	5.090345968061467
-0.976666666667	5.080353261691193
-0.973333333333	5.070362248579057
-0.97	5.060369193311843
-0.966666666667	5.050376902472277
-0.963333333333	5.040387876993072
-0.96	5.030396560185805
-0.956666666667	5.020405680032917
-0.953333333333	5.010413777794012
-0.95	5.00042373974939
-0.946666666667	4.9904331446351415
-0.943333333333	4.9804266189433015
-0.94	4.970453653196134
-0.936666666667	4.960462183411864
-0.933333333333	4.9504719019587755
-0.93	4.940482202886854
-0.926666666667	4.930492511162062
-0.923333333333	4.920504725034688
-0.92	4.9105144818336015
-0.916666666667	4.900524887965465
-0.913333333333	4.890535543633585
-0.91	4.8805465265268895
-0.906666666667	4.870557729897576
-0.903333333333	4.860431095414877
-0.9	4.8505807411457935
-0.896666666667	4.840592540156763
-0.893333333333	4.830604528952771
-0.89	4.8206167065213235
-0.886666666667	4.810629086600983
-0.883333333333	4.800641647774836
-0.88	4.790654419721179
-0.876666666667	4.78066738472851
-0.873333333333	4.770682514754669
-0.87	4.760692057303047
-0.866666666667	4.750707521426242
-0.863333333333	4.740721708182851
-0.86	4.730735480700065
-0.856666666667	4.720749589155693
-0.853333333333	4.710764036870284
-0.85	4.7007785524689805
-0.846666666667	4.6907936217177495
-0.843333333333	4.680809436180861
-0.84	4.670824214977375
-0.836666666667	4.6608398647112965
-0.833333333333	4.650855751835526
-0.83	4.640873511229686
-0.826666666667	4.630887553435217
-0.823333333333	4.620904935047611
-0.82	4.610921850139576
-0.816666666667	4.6009401042177345
-0.813333333333	4.5909554725950725
-0.81	4.580974217360988
-0.806666666667	4.570992228898381
-0.803333333333	4.561010703965865
-0.8	4.551028702033483
-0.796666666667	4.5410479676378
-0.793333333333	4.531067338491178
-0.79	4.521090185908617
-0.786666666667	4.511106339631917
-0.783333333333	4.501126332580773
-0.78	4.491146673425586
-0.776666666667	4.481167733275073
-0.773333333333	4.471188998019173
-0.77	4.461210347583962
-0.766666666667	4.4512312120651
-0.763333333333	4.441254072693794
-0.76	4.431276553178242
-0.756666666667	4.4212994133723935
-0.753333333333	4.4113225293864975
-0.75	4.401346052401097
-0.746666666667	4.391370042043027
-0.743333333333	4.381394334445312
-0.74	4.371418982449505
-0.736666666667	4.36144409313227
-0.733333333333	4.351469589488419
-0.73	4.341495454219208
-0.726666666667	4.331521745865201
-0.723333333333	4.321548459206918
-0.72	4.311575576754095
-0.716666666667	4.301603105527314
-0.713333333333	4.291631046456381
-0.71	4.281659389020772
-0.706666666667	4.271688116230298
-0.703333333333	4.2605083152612355
-0.7	4.251746593180437
-0.696666666667	4.241776225238034
-0.693333333333	4.231805978856482
-0.69	4.221835370357829
-0.686666666667	4.21186498160603
-0.683333333333	4.201904095961712
-0.68	4.19193781853526
-0.676666666667	4.181973570051225
-0.673333333333	4.17200238812464
-0.67	4.162039736138936
-0.666666666667	4.1520748133522405
-0.663333333333	4.1421103043288054
-0.66	4.132147921807356
-0.656666666667	4.12218231967098
-0.653333333333	4.112219496365182
-0.65	4.102258915849704
-0.646666666667	4.092297516204453
-0.643333333333	4.082337416409117
-0.64	4.0723090711210785
-0.636666666667	4.0624174515926645
-0.633333333333	4.052458575339871
-0.63	4.042492979911811
-0.626666666667	4.032542728192263
-0.623333333333	4.022586060033913
-0.62	4.012630221716521
-0.616666666667	4.002674952454182
-0.613333333333	3.992720050714283
-0.61	3.982766113707688
-0.606666666667	3.9728132099900875
-0.603333333333	3.9628609690127727
-0.6	3.952909473728763
-0.596666666667	3.9429620915447487
-0.593333333333	3.9330112727735624
-0.59	3.923061570421056
-0.586666666667	3.9131128787262943
-0.583333333333	3.903165099190519
-0.58	3.8932172785992587
-0.576666666667	3.883271593270077
-0.573333333333	3.873326811885894
-0.57	3.8633829287295978
-0.566666666667	3.853430227325124
-0.563333333333	3.843497950386901
-0.56	3.8335568971130725
-0.556666666667	3.8236168148193723
-0.553333333333	3.813677721908779
-0.55	3.8037396394496
-0.546666666667	3.79380258384251
-0.543333333333	3.783866570760222
-0.54	3.773927733325974
-0.536666666667	3.763997788933904
-0.533333333333	3.754065007871195
-0.53	3.7441333470093268
-0.526666666667	3.734202803112589
-0.523333333333	3.724273442605032
-0.52	3.7143452591166435
-0.516666666667	3.704418174838017
-0.513333333333	3.694490582153691
-0.51	3.684567977321192
-0.506666666667	3.674644710377307
-0.503333333333	3.664722726581892
-0.5	3.6548020483369217
-0.496666666667	3.6448832341965898
-0.493333333333	3.6349646171788956
-0.49	3.625047679685928
-0.486666666667	3.6151325502601996
-0.483333333333	3.605219022411537
-0.48	3.5953068496803753
-0.476666666667	3.5853959640081627
-0.473333333333	3.5754864772044015
-0.47	3.565578543095937
-0.466666666667	3.5556722409894137
-0.463333333333	3.5457675655550647
-0.46	3.53586448960026
-0.456666666667	3.525963018716258
-0.453333333333	3.516063195530571
-0.45	3.506145005374429
-0.446666666667	3.496268695717698
-0.443333333333	3.486374048708943
-0.44	3.4764811925172125
-0.436666666667	3.4665901662053007
-0.433333333333	3.4567009997684663
-0.43	3.4468137157596197
-0.426666666667	3.436928322872567
-0.423333333333	3.4270448918113234
-0.42	3.417163444575827
-0.416666666667	3.4072840165569596
-0.413333333333	3.397404351161195
-0.41	3.387531363069781
-0.406666666667	3.3776582111710405
-0.403333333333	3.367787225957382
-0.4	3.357918445962208
-0.396666666667	3.348051910429354
-0.393333333333	3.3381876592975845
-0.39	3.328325733227237
-0.386666666667	3.318466592922996
-0.383333333333	3.308609059132343
-0.38	3.2987541580916284
-0.376666666667	3.2889019283977934
-0.373333333333	3.279052334841534
-0.37	3.2692053402928916
-0.366666666667	3.2593609450394325
-0.363333333333	3.2495191896721782
-0.36	3.239680137431243
-0.356666666667	3.2298438549126556
-0.353333333333	3.2200104017963915
-0.35	3.2101798302170272
-0.346666666667	3.2003521889173867
-0.343333333333	3.1905275272972
-0.34	3.1807058972058484
-0.336666666667	3.17088735281916
-0.333333333333	3.161071949843386
-0.33	3.15125974493614
-0.326666666667	3.1414507955551603
-0.323333333333	3.1316436446513
-0.32	3.1218406639284133
-0.316666666667	3.1120440692960627
-0.313333333333	3.1022487361048565
-0.31	3.092456960953185
-0.306666666667	3.082668807695306
-0.303333333333	3.072884341340796
-0.3	3.0631036280760067
-0.296666666667	3.0533267940078934
-0.293333333333	3.043553794522608
-0.29	3.033784734215974
-0.286666666667	3.0240197015659414
-0.283333333333	3.014258775730403
-0.28	3.0045020313623043
-0.276666666667	2.9947495421819177
-0.273333333333	2.9850013829409097
-0.27	2.975257630178894
-0.266666666667	2.9655183623268515
-0.263333333333	2.9557836595699816
-0.26	2.946053603684364
-0.256666666667	2.936328277918862
-0.253333333333	2.9266077669238126
-0.25	2.916892156708437
-0.246666666667	2.9071815346128376
-0.243333333333	2.897475989290871
-0.24	2.8877756107102543
-0.236666666667	2.8780804901841957
-0.233333333333	2.8683907204545913
-0.23	2.8587063958495404
-0.226666666667	2.8490276125359064
-0.223333333333	2.8393544688782377
-0.22	2.829687065896177
-0.216666666667	2.8200255077823897
-0.213333333333	2.8103699024040334
-0.21	2.8007199351455507
-0.206666666667	2.7910754882929156
-0.203333333333	2.7814382562864646
-0.2	2.7718075188321456
-0.196666666667	2.7621855850036656
-0.193333333333	2.7525680653285494
-0.19	2.742957288807753
-0.186666666667	2.733353375170193
-0.183333333333	2.7237564462535255
-0.18	2.714166625981464
-0.176666666667	2.704584040347439
-0.173333333333	2.695008817415074
-0.17	2.6854407724694886
-0.166666666667	2.675880749916332
-0.163333333333	2.6663284658805737
-0.16	2.656784062066295
-0.156666666667	2.6472476817165753
-0.153333333333	2.637719143529274
-0.15	2.6281988113709063
-0.146666666667	2.618686995340379
-0.143333333333	2.6091853181164604
-0.14	2.5996912634620775
-0.136666666667	2.590206128951014
-0.133333333333	2.5807300711318835
-0.13	2.5712632488519973
-0.126666666667	2.5618058233698586
-0.123333333333	2.5523579584579967
-0.12	2.5429198204862673
-0.116666666667	2.5334915784808496
-0.113333333333	2.524073404160507
-0.11	2.514665471956708
-0.106666666667	2.5052679590264524
-0.103333333333	2.4958810452658384
-0.1	2.4865049133295085
-0.0966666666667	2.4771397486575153
-0.0933333333333	2.4677859917758225
-0.09	2.4584429561897445
-0.0866666666667	2.449111515461194
-0.0833333333333	2.439791895228248
-0.08	2.430484310784394
-0.0766666666667	2.4211898173516864
-0.0733333333333	2.411906856934763
-0.07	2.402636451566095
-0.0666666666667	2.3933788131847464
-0.0633333333333	2.384134156803047
-0.06	2.3749027005297623
-0.0566666666667	2.3656846655931996
-0.0533333333333	2.3564802763639565
-0.05	2.347289760377026
-0.0466666666667	2.3381133483530876
-0.0433333333333	2.328951274218888
-0.04	2.319803775126713
-0.0366666666667	2.3106710914729565
-0.0333333333333	2.3015536440246547
-0.03	2.292451261930371
-0.0266666666667	2.2833644405112636
-0.0233333333333	2.27429343841718
-0.02	2.265238515333757
-0.0166666666667	2.256199932219957
-0.0133333333333	2.2471779517429824
-0.01	2.2381728388080098
-0.00666666666667	2.2291848610924982
-0.00333333333333	2.2202142895166346
0	2.211261398607297
0.00333333333333	2.202326466738017
0.00666666666667	2.193409776248362
0.01	2.1845116134610443
0.0133333333333	2.1756322686233878
0.0166666666667	2.166772035802122
0.02	2.157931212758194
0.0233333333333	2.1491101008229716
0.0266666666667	2.1403090047905313
0.03	2.1315282328340133
0.0333333333333	2.1227680964482176
0.0366666666667	2.11402891041631
0.04	2.105310992795827
0.0433333333333	2.096614664917962
0.0466666666667	2.0879402513941376
0.05	2.079288080124696
0.0533333333333	2.070658482305744
0.0566666666667	2.062051792431612
0.06	2.053468348291572
0.0633333333333	2.044908490960495
0.0666666666667	2.0363725647837994
0.07	2.0278609173574558
0.0733333333333	2.0193738995039525
0.0766666666667	2.0109118652451214
0.08	2.002475171772576
0.0833333333333	1.9940641794162193
0.0866666666667	1.9856792516119024
0.09	1.9773207548667568
0.0933333333333	1.968989058724469
0.0966666666667	1.9606845357289115
0.1	1.9524075613866867
0.103333333333	1.9441585141284154
0.106666666667	1.9359377752686873
0.11	1.9277457289646256
0.113333333333	1.9195827621730146
0.116666666667	1.9114492646059755
0.12	1.9033456286851937
0.123333333333	1.8952722494946934
0.126666666667	1.8872295247321915
0.13	1.8792178546590483
0.133333333333	1.87123764204883
0.136666666667	1.8632892921345132
0.14	1.8553730604674559
0.143333333333	1.847489663962609
0.146666666667	1.839639361578911
0.15	1.8318225672651318
0.153333333333	1.8240396972912507
0.156666666667	1.8162911701572804
0.16	1.8085774065058324
0.163333333333	1.8008988290379948
0.166666666667	1.7932558624320238
0.17	1.78564893326433
0.173333333333	1.7780784699322723
0.176666666667	1.7705449025783238
0.18	1.7630486630152207
0.183333333333	1.7555901846517838
0.186666666667	1.7481699024191506
0.19	1.7407882526972163
0.193333333333	1.733445673241125
0.196666666667	1.7261426031076963
0.2	1.7188794825816993
0.203333333333	1.7116567531019156
0.206666666667	1.7044748571869452
0.21	1.6973342383607377
0.213333333333	1.6902353410778226
0.216666666667	1.6831786106482431
0.22	1.67616449316219
0.223333333333	1.6691934354143412
0.226666666667	1.662265884827925
0.23	1.6553822893785195
0.233333333333	1.6485430975176112
0.236666666667	1.6417487580959351
0.24	1.6349997202866262
0.243333333333	1.6282964335082053
0.246666666667	1.621639347347435
0.25	1.6150289114820693
0.253333333333	1.6084655756035255
0.256666666667	1.6019497893395105
0.26	1.5954820021766158
0.263333333333	1.5890626633829084
0.266666666667	1.5826922219305248
0.27	1.5763711264182907
0.273333333333	1.5700998249943545
0.276666666667	1.5638787652788466
0.28	1.5577083942865624
0.283333333333	1.5515891583495887
0.286666666667	1.5455215030400096
0.29	1.539505873092467
0.293333333333	1.5335427123266752
0.296666666667	1.5276324635698073
0.3	1.5217755685786953
0.303333333333	1.5159724679618007
0.306666666667	1.510223601100883
0.31	1.5045294060722998
0.313333333333	1.4988903195678545
0.316666666667	1.4933067768151058
0.32	1.4877792114970458
0.323333333333	1.482308055671039
0.326666666667	1.4768937396869135
0.33	1.4715366921040862
0.333333333333	1.4662373396075878
0.336666666667	1.4609961069228588
0.34	1.4558134167291654
0.343333333333	1.4506896895714891
0.346666666667	1.4456253437707214
0.35	1.4406207953320014
0.353333333333	1.4356764578510164
0.356666666667	1.4307927424180864
0.36	1.425970057519833
0.363333333333	1.4212088089382466
0.366666666667	1.4165093996469391
0.37	1.411872229704382
0.373333333333	1.4072976961439077
0.376666666667	1.4027861928602643
0.38	1.398338110492498
0.383333333333	1.3939538363029413
0.386666666667	1.3896337540520822
0.39	1.3853782438690885
0.393333333333	1.3811876821177609
0.396666666667	1.3770624412576946
0.4	1.3730028897004254
0.403333333333	1.3690093916603443
0.406666666667	1.3650823070001719
0.41	1.3612219910707855
0.413333333333	1.3574287945452042
0.416666666667	1.353703063246545
0.42	1.3500451379697767
0.423333333333	1.3464553542971043
0.426666666667	1.3429340424068543
0.43	1.339481526875691
0.433333333333	1.336098126474098
0.436666666667	1.3327841539549972
0.44	1.3295399158354464
0.443333333333	1.32636571217136
0.446666666667	1.3232618363252322
0.45	1.320228574726859
0.453333333333	1.3172662066270886
0.456666666667	1.3143750038446589
0.46	1.3115552305062068
0.463333333333	1.3088071427795709
0.466666666667	1.306130988600542
0.47	1.3035270073932426
0.473333333333	1.3009954297843649
0.476666666667	1.2985364773115218
0.48	1.2961503621260069
0.483333333333	1.2938372866902976
0.486666666667	1.291597443470673
0.49	1.2894310146253551
0.493333333333	1.2873381716886216
0.496666666667	1.285319075251377
0.5	1.2833738746387073
0.503333333333	1.2815027075849783
0.506666666667	1.2797056999070764
0.51	1.277982965176428
0.513333333333	1.2763346043904646
0.516666666667	1.274760705644234
0.52	1.2732613438028966
0.523333333333	1.2718365801758627
0.526666666667	1.2704864621933676
0.53	1.2692110230862972
0.533333333333	1.2680102815701022
0.536666666667	1.2668842415336614
0.54	1.265832891733969
0.543333333333	1.2648562054975339
0.546666666667	1.2639541404293904
0.55	1.2631266381306352
0.553333333333	1.2623736239253904
0.556666666667	1.2616950065981087
0.56	1.2610906781421307
0.563333333333	1.2605605135203874
0.566666666667	1.2601043704391404
0.57	1.2597220891356273
0.573333333333	1.25941349218047
0.576666666667	1.259178384295668
0.58	1.259016552188983
0.583333333333	1.2589277644054795
0.586666666667	1.2589117711969635
0.59	1.2589683044100026
0.593333333333	1.259097077393195
0.596666666667	1.2592977849242812
0.6	1.2595701031576652
0.603333333333	1.259913689592848
0.606666666667	1.2603281830642272
0.61	1.2608132037526523
0.613333333333	1.2613683532190754
0.616666666667	1.2619932144605672
0.62	1.2626873519889108
0.623333333333	1.263450311931916
0.626666666667	1.2642816221575364
0.63	1.2651807924208014
0.633333333333	1.266147314533511
0.636666666667	1.2671806625565738
0.64	1.2682802930147994
0.643333333333	1.269445645133896
0.646666666667	1.2706761410993537
0.65	1.271971186336835
0.653333333333	1.2733301698136226
0.656666666667	1.2747524643606307
0.66	1.276237427014409
0.663333333333	1.277784399378525
0.666666666667	1.2793927080036551
0.67	1.2810616647856579
0.673333333333	1.2827905673808653
0.676666666667	1.2845786996377775
0.68	1.286425332044305
0.683333333333	1.2883297221896735
0.686666666667	1.2902911152400596
0.69	1.2923087444270127
0.693333333333	1.294381831547678
0.696666666667	1.296509587475822
0.7	1.2986912126826435
0.703333333333	1.3009258977663385
0.706666666667	1.3032128239893732
0.71	1.3055511638224246
0.713333333333	1.3079400814939328
0.716666666667	1.310378733544221
0.72	1.3128662693831414
0.723333333333	1.3154018318502112
0.726666666667	1.3179845577762175
0.73	1.3206135785452902
0.733333333333	1.323288020656452
0.736666666667	1.3260070062836806
0.74	1.3287696538335447
0.743333333333	1.3315750784994989
0.746666666667	1.3344223928119505
0.75	1.337310707183249
0.753333333333	1.3402391304467762
0.756666666667	1.3432067703893482
0.76	1.346212734276188
0.763333333333	1.34925612936775
0.766666666667	1.3523360634277304
0.77	1.3554516452216245
0.773333333333	1.3586019850052475
0.776666666667	1.3617861950026577
0.78	1.3650033898729785
0.783333333333	1.3682526871656493
0.786666666667	1.371533207763674
0.79	1.374844076314487
0.793333333333	1.3781844216480823
0.796666666667	1.381553377182108
0.8	1.3849500813136522
0.803333333333	1.388373677797498
0.806666666667	1.3918233161106544
0.81	1.3952981518030112
0.813333333333	1.3987973468339976
0.816666666667	1.4023200698951657
0.82	1.4058654967186441
0.823333333333	1.4094328103714462
0.826666666667	1.4130212015356465
0.83	1.4166298687744627
0.833333333333	1.4202580187843208
0.836666666667	1.4239048666329845
0.84	1.4275696359838903
0.843333333333	1.431251559306811
0.846666666667	1.4349498780750254
0.85	1.4386638429491805
0.853333333333	1.442392713948042
0.856666666667	1.4461357606063638
0.86	1.4498922621201114
0.863333333333	1.4536615074792898
0.866666666667	1.4574427955886442
0.87	1.461235435376508
0.873333333333	1.4650387458920902
0.876666666667	1.468852056391492
0.88	1.472674706412766
0.883333333333	1.476506045840321
0.886666666667	1.4803454349589966
0.89	1.4841922444981248
0.893333333333	1.4880458556659046
0.896666666667	1.4919056601744216
0.9	1.4957710602556331
0.903333333333	1.4996414686686586
0.906666666667	1.503516308698699
0.91	1.507395014147915
0.913333333333	1.5112770293185958
0.916666666667	1.5151618089889356
0.92	1.5190488183817503
0.923333333333	1.5229375331264428
0.926666666667	1.5268274392145393
0.93	1.5307180329491048
0.933333333333	1.5346088208883395
0.936666666667	1.5384993197836618
0.94	1.54238905651257
0.943333333333	1.5462775680065666
0.946666666667	1.550164401174435
0.95	1.5540491128211391
0.953333333333	1.5579312695626153
0.956666666667	1.5618104477367163
0.96	1.5656862333105703
0.963333333333	1.56955822178459
0.966666666667	1.5734260180933821
0.97	1.5772892365037854
0.973333333333	1.581147500510265
0.976666666667	1.585000442727876
0.98	1.5888477047830165
0.983333333333	1.5926889372021609
0.986666666667	1.5965237992987817
0.99	1.6003519590586381
0.993333333333	1.6041730930236189
0.996666666667	1.6079868861743116
1.	1.611793031811464