0
4
-4.	14.204747985781186
-3.995	14.189747985781187
-3.99	14.174747985781186
-3.985	14.159747985781188
-3.98	14.144747985781189
-3.975	14.12974798578119
-3.97	14.114747985781191
-3.965	14.099747985781192
-3.96	14.084747985781194
-3.955	14.069747985781195
-3.95	14.054747985781196
-3.945	14.039747985781197
-3.94	14.024747985781199
-3.935	14.0097479857812
-3.93	13.994747985781201
-3.925	13.979747985781204
-3.92	13.964747985781205
-3.915	13.949747985781206
-3.91	13.934747985781208
-3.905	13.919747985781209
-3.9	13.904747985781212
-3.895	13.889747985781213
-3.89	13.874747985781216
-3.885	13.859747985781217
-3.88	13.844747985781218
-3.875	13.829747985781221
-3.87	13.814747985781223
-3.865	13.799747985781226
-3.86	13.784747985781229
-3.855	13.76974798578123
-3.85	13.754747985781233
-3.845	13.739747985781236
-3.84	13.724747985781239
-3.835	13.709747985781242
-3.83	13.694747985781243
-3.825	13.679747985781246
-3.82	13.66474798578125
-3.815	13.649747985781254
-3.81	13.634747985781257
-3.805	13.61974798578126
-3.8	13.604747985781263
-3.795	13.589747985781267
-3.79	13.57474798578127
-3.785	13.559747985781275
-3.78	13.544747985781278
-3.775	13.529747985781283
-3.77	13.514747985781288
-3.765	13.499747985781292
-3.76	13.484747985781297
-3.755	13.469747985781302
-3.75	13.454747985781307
-3.745	13.439747985781311
-3.74	13.424747985781316
-3.735	13.409747985781323
-3.73	13.394747985781327
-3.725	13.379747985781334
-3.72	13.36474798578134
-3.715	13.349747985781345
-3.71	13.334747985781352
-3.705	13.31974798578136
-3.7	13.304747985781367
-3.695	13.289747985781373
-3.69	13.274747985781381
-3.685	13.25974798578139
-3.68	13.244747985781396
-3.675	13.229747985781405
-3.67	13.214747985781415
-3.665	13.199747985781423
-3.66	13.184747985781433
-3.655	13.169747985781441
-3.65	13.154747985781452
-3.645	13.139747985781462
-3.64	13.124747985781474
-3.635	13.109747985781484
-3.63	13.094747985781495
-3.625	13.079747985781507
-3.62	13.06474798578152
-3.615	13.049747985781531
-3.61	13.034747985781545
-3.605	13.019747985781558
-3.6	13.004747985781572
-3.595	12.989747985781587
-3.59	12.974747985781603
-3.585	12.959747985781618
-3.58	12.944747985781634
-3.575	12.92974798578165
-3.57	12.914747985781668
-3.565	12.899747985781685
-3.56	12.884747985781704
-3.555	12.869747985781723
-3.55	12.854747985781742
-3.545	12.839747985781763
-3.54	12.824747985781785
-3.535	12.809747985781806
-3.53	12.794747985781829
-3.525	12.779747985781853
-3.52	12.764747985781877
-3.515	12.749747985781903
-3.51	12.73474798578193
-3.505	12.719747985781956
-3.5	12.704747985781983
-3.495	12.689747985782013
-3.49	12.674747985782043
-3.485	12.659747985782074
-3.48	12.644747985782105
-3.475	12.629747985782139
-3.47	12.614747985782174
-3.465	12.599747985782209
-3.46	12.584747985782245
-3.455	12.569747985782284
-3.45	12.554747985782324
-3.445	12.539747985782364
-3.44	12.524747985782406
-3.435	12.50974798578245
-3.43	12.494747985782496
-3.425	12.479747985782543
-3.42	12.464747985782592
-3.415	12.449747985782642
-3.41	12.434747985782694
-3.405	12.419747985782749
-3.4	12.404747985782803
-3.395	12.389747985782861
-3.39	12.374747985782921
-3.385	12.359747985782983
-3.38	12.344747985783048
-3.375	12.329747985783113
-3.37	12.314747985783182
-3.365	12.299747985783254
-3.36	12.284747985783328
-3.355	12.269747985783404
-3.35	12.254747985783482
-3.345	12.239747985783564
-3.34	12.22474798578365
-3.335	12.209747985783736
-3.33	12.194747985783826
-3.325	12.179747985783921
-3.32	12.164747985784016
-3.315	12.149747985784117
-3.31	12.134747985784221
-3.305	12.119747985784329
-3.3	12.10474798578444
-3.295	12.089747985784555
-3.29	12.074747985784676
-3.285	12.0597479857848
-3.28	12.044747985784927
-3.275	12.02974798578506
-3.27	12.014747985785196
-3.265	11.999747985785339
-3.26	11.984747985785486
-3.255	11.969747985785638
-3.25	11.954747985785794
-3.245	11.939747985785957
-3.24	11.924747985786126
-3.235	11.9097479857863
-3.23	11.89474798578648
-3.225	11.879747985786668
-3.22	11.864747985786861
-3.215	11.849747985787062
-3.21	11.834747985787269
-3.205	11.819747985787485
-3.2	11.804747985787706
-3.195	11.789747985787937
-3.19	11.774747985788174
-3.185	11.75974798578842
-3.18	11.744747985788676
-3.175	11.72974798578894
-3.17	11.714747985789215
-3.165	11.699747985789497
-3.16	11.684747985789791
-3.155	11.669747985790094
-3.15	11.654747985790408
-3.145	11.639747985790732
-3.14	11.62474798579107
-3.135	11.609747985791417
-3.13	11.594747985791777
-3.125	11.579747985792151
-3.12	11.564747985792536
-3.115	11.549747985792937
-3.11	11.53474798579335
-3.105	11.51974798579378
-3.1	11.504747985794223
-3.095	11.489747985794681
-3.09	11.474747985795156
-3.085	11.459747985795648
-3.08	11.444747985796157
-3.075	11.429747985796686
-3.07	11.41474798579723
-3.065	11.399747985797795
-3.06	11.38474798579838
-3.055	11.369747985798986
-3.05	11.354747985799612
-3.045	11.33974798580026
-3.04	11.324747985800931
-3.035	11.309747985801627
-3.03	11.294747985802346
-3.025	11.27974798580309
-3.02	11.264747985803861
-3.015	11.249747985804659
-3.01	11.234747985805484
-3.005	11.21974798580634
-3.	11.204747985807224
-2.995	11.18974798580814
-2.99	11.174747985809088
-2.985	11.15974798581007
-2.98	11.144747985811085
-2.975	11.129747985812138
-2.97	11.114747985813226
-2.965	11.099747985814354
-2.96	11.08474798581552
-2.955	11.069747985816727
-2.95	11.054747985817977
-2.945	11.03974798581927
-2.94	11.02474798582061
-2.935	11.009747985821996
-2.93	10.994747985823432
-2.925	10.979747985824917
-2.92	10.964747985826454
-2.915	10.949747985828047
-2.91	10.934747985829693
-2.905	10.9197479858314
-2.9	10.904747985833165
-2.895	10.889747985834992
-2.89	10.874747985836885
-2.885	10.859747985838842
-2.88	10.84474798584087
-2.875	10.829747985842967
-2.87	10.814747985845141
-2.865	10.79974798584739
-2.86	10.784747985849716
-2.855	10.769747985852126
-2.85	10.75474798585462
-2.845	10.739747985857202
-2.84	10.724747985859873
-2.835	10.70974798586264
-2.83	10.694747985865503
-2.825	10.679747985868467
-2.82	10.664747985871536
-2.815	10.649747985874711
-2.81	10.634747985877999
-2.805	10.619747985881402
-2.8	10.604747985884925
-2.795	10.589747985888572
-2.79	10.574747985892346
-2.785	10.559747985896253
-2.78	10.544747985900297
-2.775	10.529747985904484
-2.77	10.514747985908818
-2.765	10.499747985913304
-2.76	10.484747985917949
-2.755	10.469747985922755
-2.75	10.454747985927732
-2.745	10.439747985932883
-2.74	10.424747985938215
-2.735	10.409747985943733
-2.73	10.394747985949447
-2.725	10.37974798595536
-2.72	10.364747985961483
-2.715	10.34974798596782
-2.71	10.33474798597438
-2.705	10.31974798598117
-2.7	10.304747985988199
-2.695	10.289747985995474
-2.69	10.274747986003005
-2.685	10.259747986010801
-2.68	10.244747986018872
-2.675	10.229747986027226
-2.67	10.214747986035873
-2.665	10.199747986044823
-2.66	10.18474798605409
-2.655	10.169747986063681
-2.65	10.154747986073609
-2.645	10.139747986083886
-2.64	10.124747986094524
-2.635	10.109747986105537
-2.63	10.094747986116937
-2.625	10.079747986128737
-2.62	10.06474798614095
-2.615	10.049747986153594
-2.61	10.034747986166684
-2.605	10.019747986180231
-2.6	10.004747986194255
-2.595	9.989747986208773
-2.59	9.9747479862238
-2.585	9.959747986239355
-2.58	9.944747986255457
-2.575	9.929747986272126
-2.57	9.91474798628938
-2.565	9.899747986307238
-2.56	9.884747986325726
-2.555	9.869747986344864
-2.55	9.854747986364673
-2.545	9.839747986385179
-2.54	9.824747986406406
-2.535	9.809747986428379
-2.53	9.794747986451123
-2.525	9.779747986474668
-2.52	9.764747986499039
-2.515	9.749747986524266
-2.51	9.734747986550381
-2.505	9.719747986577413
-2.5	9.704747986605396
-2.495	9.68974798663436
-2.49	9.674747986664343
-2.485	9.65974798669538
-2.48	9.64474798672751
-2.475	9.629747986760766
-2.47	9.61474798679519
-2.465	9.599747986830826
-2.46	9.584747986867713
-2.455	9.569747986905897
-2.45	9.554747986945422
-2.445	9.539747986986338
-2.44	9.524747987028691
-2.435	9.509747987072531
-2.43	9.494747987117913
-2.425	9.47974798716489
-2.42	9.464747987213517
-2.415	9.449747987263853
-2.41	9.434747987315959
-2.405	9.419747987369893
-2.4	9.404747987425726
-2.395	9.389747987483519
-2.39	9.374747987543344
-2.385	9.359747987605271
-2.38	9.344747987669374
-2.375	9.32974798773573
-2.37	9.314747987804418
-2.365	9.29974798787552
-2.36	9.28474798794912
-2.355	9.269747988025307
-2.35	9.254747988104171
-2.345	9.239747988185806
-2.34	9.22474798827031
-2.335	9.209747988357785
-2.33	9.194747988448333
-2.325	9.179747988542063
-2.32	9.164747988639087
-2.315	9.149747988739522
-2.31	9.134747988843484
-2.305	9.1197479889511
-2.3	9.104747989062501
-2.295	9.089747989177814
-2.29	9.07474798929718
-2.285	9.05974798942074
-2.28	9.044747989548643
-2.275	9.02974798968104
-2.27	9.01474798981809
-2.265	8.999747989959957
-2.26	8.98474799010681
-2.255	8.969747990258822
-2.25	8.954747990416177
-2.245	8.939747990579061
-2.24	8.924747990747669
-2.235	8.909747990922204
-2.23	8.894747991102872
-2.225	8.879747991289888
-2.22	8.864747991483476
-2.215	8.849747991683868
-2.21	8.834747991891302
-2.205	8.819747992106025
-2.2	8.804747992328295
-2.195	8.789747992558375
-2.19	8.774747992796541
-2.185	8.759747993043078
-2.18	8.744747993298278
-2.175	8.729747993562444
-2.17	8.714747993835896
-2.165	8.699747994118956
-2.16	8.684747994411964
-2.155	8.66974799471527
-2.15	8.654747995029235
-2.145	8.63974799535423
-2.14	8.62474799569065
-2.135	8.609747996038891
-2.13	8.59474799639937
-2.125	8.579747996772516
-2.12	8.564747997158777
-2.115	8.549747997558612
-2.11	8.534747997972497
-2.105	8.519747998400927
-2.1	8.504747998844412
-2.095	8.489747999303484
-2.09	8.474747999778687
-2.085	8.45974800027059
-2.08	8.44474800077978
-2.075	8.429748001306864
-2.07	8.414748001852471
-2.065	8.399748002417253
-2.06	8.38474800300188
-2.055	8.369748003607054
-2.05	8.354748004233494
-2.045	8.33974800488195
-2.04	8.324748005553193
-2.035	8.309748006248025
-2.03	8.294748006967275
-2.025	8.2797480077118
-2.02	8.26474800848249
-2.015	8.249748009280264
-2.01	8.234748010106074
-2.005	8.219748010960904
-2.	8.204748011845775
-1.995	8.189748012761742
-1.99	8.174748013709898
-1.985	8.159748014691374
-1.98	8.144748015707343
-1.975	8.129748016759013
-1.97	8.114748017847642
-1.965	8.099748018974527
-1.96	8.084748020141014
-1.955	8.069748021348493
-1.95	8.054748022598407
-1.945	8.039748023892246
-1.94	8.02474802523155
-1.935	8.009748026617924
-1.93	7.994748028053015
-1.925	7.97974802953854
-1.92	7.96474803107627
-1.915	7.949748032668038
-1.91	7.934748034315744
-1.905	7.919748036021354
-1.9	7.904748037786903
-1.895	7.889748039614497
-1.89	7.874748041506318
-1.885	7.859748043464621
-1.88	7.844748045491742
-1.875	7.829748047590101
-1.87	7.814748049762201
-1.865	7.799748052010633
-1.86	7.78474805433808
-1.855	7.769748056747319
-1.85	7.754748059241224
-1.845	7.739748061822769
-1.84	7.724748064495036
-1.835	7.709748067261212
-1.83	7.694748070124597
-1.825	7.679748073088608
-1.82	7.664748076156781
-1.815	7.649748079332775
-1.81	7.634748082620382
-1.805	7.619748086023521
-1.8	7.604748089546255
-1.795	7.589748093192784
-1.79	7.574748096967461
-1.785	7.5597481008747875
-1.78	7.544748104919427
-1.775	7.529748109106203
-1.77	7.5147481134401115
-1.765	7.499748117926323
-1.76	7.48474812257019
-1.755	7.469748127377252
-1.75	7.454748132353244
-1.745	7.439748137504104
-1.74	7.424748142835976
-1.735	7.409748148355222
-1.73	7.3947481540684254
-1.725	7.3797481599824035
-1.72	7.364748166104212
-1.715	7.349748172441153
-1.71	7.334748179000788
-1.705	7.319748185790943
-1.7	7.304748192819718
-1.695	7.2897482000955
-1.69	7.274748207626969
-1.685	7.259748215423109
-1.68	7.244748223493223
-1.675	7.229748231846937
-1.67	7.2147482404942185
-1.665	7.199748249445385
-1.66	7.184748258711114
-1.655	7.1697482683024605
-1.65	7.154748278230868
-1.645	7.139748288508181
-1.64	7.124748299146661
-1.635	7.1097483101589996
-1.63	7.094748321558335
-1.625	7.079748333358268
-1.62	7.064748345572875
-1.615	7.04974835821673
-1.61	7.034748371304917
-1.605	7.0197483848530515
-1.6	7.004748398877296
-1.595	6.9897484133943815
-1.59	6.974748428421629
-1.585	6.959748443976966
-1.58	6.944748460078951
-1.575	6.929748476746793
-1.57	6.91474849400038
-1.565	6.899748511860293
-1.56	6.884748530347842
-1.555	6.869748549485083
-1.55	6.854748569294847
-1.545	6.8397485898007675
-1.54	6.82474861102731
-1.535	6.809748632999798
-1.53	6.794748655744446
-1.525	6.779748679288389
-1.52	6.764748703659715
-1.515	6.749748728887502
-1.51	6.734748755001846
-1.505	6.719748782033902
-1.5	6.704748810015922
-1.495	6.689748838981289
-1.49	6.67474886896456
-1.485	6.659748900001506
-1.48	6.644748932129154
-1.475	6.6297489653858355
-1.47	6.614748999811226
-1.465	6.599749035446397
-1.46	6.584749072333861
-1.455	6.569749110517628
-1.45	6.554749150043252
-1.445	6.539749190957887
-1.44	6.524749233310348
-1.435	6.509749277151161
-1.43	6.494749322532631
-1.425	6.4797493695089
-1.42	6.464749418136011
-1.415	6.449749468471977
-1.41	6.434749520576853
-1.405	6.4197495745128
-1.4	6.404749630344167
-1.395	6.389749688137561
-1.39	6.374749747961932
-1.385	6.359749809888652
-1.38	6.344749873991603
-1.375	6.329749940347259
-1.37	6.314750009034787
-1.365	6.299750080136132
-1.36	6.28475015373612
-1.355	6.269750229922558
-1.35	6.254750308786337
-1.345	6.2397503904215466
-1.34	6.224750474925578
-1.335	6.209750562399246
-1.33	6.194750652946911
-1.325	6.1797507466765955
-1.32	6.164750843700125
-1.315	6.149750944133247
-1.31	6.134751048095783
-1.305	6.119751155711761
-1.3	6.104751267109569
-1.295	6.089751382422109
-1.29	6.074751501786948
-1.285	6.059751625346491
-1.28	6.044751753248148
-1.275	6.029751885644506
-1.27	6.014752022693518
-1.265	5.999752164558682
-1.26	5.984752311409247
-1.255	5.969752463420407
-1.25	5.954752620773512
-1.245	5.939752783656285
-1.24	5.924752952263049
-1.235	5.90975312679495
-1.23	5.894753307460206
-1.225	5.879753494474353
-1.22	5.864753688060496
-1.215	5.849753888449586
-1.21	5.834754095880684
-1.205	5.819754310601256
-1.2	5.804754532867463
-1.195	5.789754762944466
-1.19	5.774755001106745
-1.185	5.759755247638425
-1.18	5.744755502833614
-1.175	5.7297557669967585
-1.17	5.714756040442998
-1.165	5.69975632349855
-1.16	5.684756616501093
-1.155	5.669756919800172
-1.15	5.654757233757614
-1.145	5.639757558747962
-1.14	5.624757895158919
-1.135	5.609758243391812
-1.13	5.5947586038620685
-1.125	5.579758976999716
-1.12	5.564759363249891
-1.115	5.549759763073372
-1.11	5.534760176947129
-1.105	5.519760605364891
-1.1	5.504761048837737
-1.095	5.489761507894702
-1.09	5.474761983083412
-1.085	5.459762474970735
-1.08	5.444762984143458
-1.075	5.429763511208985
-1.07	5.414764056796063
-1.065	5.399764621555531
-1.06	5.384765206161096
-1.055	5.369765811310139
-1.05	5.354766437724542
-1.045	5.339767086151553
-1.04	5.324767757364674
-1.035	5.309768452164586
-1.03	5.294769171380101
-1.025	5.279769915869153
-1.02	5.264770686519819
-1.015	5.249771484251379
-1.01	5.234772310015411
-1.005	5.219773164796927
-1.	5.20521383289984
-0.996666666667	5.1952200839092875
-0.993333333333	5.185228764007637
-0.99	5.1752368529580925
-0.986666666667	5.165243933310833
-0.983333333333	5.155252120645926
-0.98	5.145260107725683
-0.976666666667	5.135268210415909
-0.973333333333	5.124640171131463
-0.97	5.11528499733996
-0.966666666667	5.105293167487826
-0.963333333333	5.095279907681918
-0.96	5.085310445295887
-0.956666666667	5.075319709764805
-0.953333333333	5.065328489113475
-0.95	5.055298732669025
-0.946666666667	5.045348029608407
-0.943333333333	5.035357137137512
-0.94	5.025367109672831
-0.936666666667	5.015381055701706
-0.933333333333	5.005384499939714
-0.93	4.995405587666945
-0.926666666667	4.985407662311522
-0.923333333333	4.975418178340194
-0.92	4.965427301741253
-0.916666666667	4.955439644805215
-0.913333333333	4.945450619179762
-0.91	4.9354618692042145
-0.906666666667	4.925475697617434
-0.903333333333	4.915486213209135
-0.9	4.905497455468527
-0.896666666667	4.895509136921369
-0.893333333333	4.88552111143652
-0.89	4.875533405980414
-0.886666666667	4.865545915162391
-0.883333333333	4.855558660591049
-0.88	4.845560713499771
-0.876666666667	4.835584813084476
-0.873333333333	4.825598213202533
-0.87	4.815611840138707
-0.866666666667	4.805621794373375
-0.863333333333	4.795639756471007
-0.86	4.785654065418197
-0.856666666667	4.775668595907139
-0.853333333333	4.765682575372707
-0.85	4.755698383695999
-0.846666666667	4.745713797390905
-0.843333333333	4.735729446957645
-0.84	4.7257449419253765
-0.836666666667	4.7156482699725055
-0.833333333333	4.7057771181932555
-0.83	4.69579354291148
-0.826666666667	4.685810878540001
-0.823333333333	4.675828209936895
-0.82	4.665844221237265
-0.816666666667	4.655862684522561
-0.813333333333	4.64588062704472
-0.81	4.635899564737952
-0.806666666667	4.6259173976381325
-0.803333333333	4.615936235889341
-0.8	4.605955382542477
-0.796666666667	4.595974748072964
-0.793333333333	4.585994622544415
-0.79	4.576014726619748
-0.786666666667	4.566035804308632
-0.783333333333	4.556055663610436
-0.78	4.546076773633734
-0.776666666667	4.536098639547492
-0.773333333333	4.526120396695332
-0.77	4.516140797561524
-0.766666666667	4.5061648445157445
-0.763333333333	4.4961876109773105
-0.76	4.486211186084388
-0.756666666667	4.476235024446923
-0.753333333333	4.466259046059747
-0.75	4.456284855561024
-0.746666666667	4.446304090405775
-0.743333333333	4.436333430384446
-0.74	4.426359165417015
-0.736666666667	4.416385256035422
-0.733333333333	4.406411716449655
-0.73	4.396439116160046
-0.726666666667	4.386466176419977
-0.723333333333	4.3764939916592125
-0.72	4.3665223083621925
-0.716666666667	4.35655113013991
-0.713333333333	4.346580381028995
-0.71	4.336603813757258
-0.706666666667	4.326640337541923
-0.703333333333	4.316671053840914
-0.7	4.306702253924807
-0.696666666667	4.296733946207604
-0.693333333333	4.286766126310122
-0.69	4.276791793710742
-0.686666666667	4.266831893082366
-0.683333333333	4.256865424273596
-0.68	4.246899319731865
-0.676666666667	4.236933489985931
-0.673333333333	4.2269677859633
-0.67	4.217007614378057
-0.666666666667	4.204339851810746
-0.663333333333	4.19708152385547
-0.66	4.187120550425109
-0.656666666667	4.177158687595094
-0.653333333333	4.167198641599218
-0.65	4.157238665672378
-0.646666666667	4.1472793568008655
-0.643333333333	4.13732061505602
-0.64	4.1273626873404
-0.636666666667	4.113143299863433
-0.633333333333	4.107449044885172
-0.63	4.09749321434999
-0.626666666667	4.087539001956125
-0.623333333333	4.077584293979587
-0.62	4.067630560246857
-0.616666666667	4.057677718909478
-0.613333333333	4.047725492638824
-0.61	4.037774281174893
-0.606666666667	4.027823893285212
-0.603333333333	4.0178745401958516
-0.6	4.007926019815201
-0.596666666667	3.9979779387984524
-0.593333333333	3.9880308862786147
-0.59	3.9780849832347083
-0.586666666667	3.968139856093349
-0.583333333333	3.9581957641245715
-0.58	3.9482563860768165
-0.576666666667	3.9383130279611707
-0.573333333333	3.9283709474965742
-0.57	3.918430096915822
-0.566666666667	3.9084903569629383
-0.563333333333	3.8985516807205
-0.56	3.8886132761775136
-0.556666666667	3.8786770321161983
-0.553333333333	3.868741858712935
-0.55	3.8588077666573666
-0.546666666667	3.8488747885665067
-0.543333333333	3.838942948943202
-0.54	3.829012259701911
-0.536666666667	3.819082737715282
-0.533333333333	3.8091544075417594
-0.53	3.7992272913703475
-0.526666666667	3.7893014078256178
-0.523333333333	3.779377690093579
-0.52	3.769453423809141
-0.516666666667	3.759531405023678
-0.513333333333	3.7496106632070303
-0.51	3.7396912432559355
-0.506666666667	3.7297732194603377
-0.503333333333	3.7198565865379236
-0.5	3.709942668142746
-0.496666666667	3.700026345094016
-0.493333333333	3.6901152762593887
-0.49	3.680204452546443
-0.486666666667	3.6702951448479966
-0.483333333333	3.6603873795761124
-0.48	3.650481183589481
-0.476666666667	3.6405767920012866
-0.473333333333	3.630564803566557
-0.47	3.620771897223616
-0.466666666667	3.6108724796226
-0.463333333333	3.6009747997086823
-0.46	3.5910786924763034
-0.456666666667	3.581184198132923
-0.453333333333	3.5712914737298056
-0.45	3.5614006483233682
-0.446666666667	3.5515117580662845
-0.443333333333	3.541624782587699
-0.44	3.531739712663283
-0.436666666667	3.521856580306972
-0.433333333333	3.5119754417108644
-0.43	3.5020963478328135
-0.426666666667	3.4922193335149414
-0.423333333333	3.4823444104468804
-0.42	3.472471637614158
-0.416666666667	3.4626010577987567
-0.413333333333	3.4527327021742953
-0.41	3.442866583409592
-0.406666666667	3.433002768480768
-0.403333333333	3.4231412905576915
-0.4	3.413282190497321
-0.396666666667	3.4034252350547622
-0.393333333333	3.3935676386496025
-0.39	3.3837195803297773
-0.386666666667	3.373870417474483
-0.383333333333	3.364023848657242
-0.38	3.354179919381007
-0.376666666667	3.3443386759350022
-0.373333333333	3.334500165406269
-0.37	3.324664435711235
-0.366666666667	3.314831742135631
-0.363333333333	3.3050014241865724
-0.36	3.295174228258303
-0.356666666667	3.285350152878662
-0.353333333333	3.2755291621182674
-0.35	3.2657112430936603
-0.346666666667	3.2558964255871636
-0.343333333333	3.2460847719925465
-0.34	3.2362763568992583
-0.336666666667	3.2264712517863887
-0.333333333333	3.2166695200719215
-0.33	3.206871219618145
-0.326666666667	3.1970764072798987
-0.323333333333	3.1872851418791077
-0.32	3.1774974848846504
-0.316666666667	3.1677134997986864
-0.313333333333	3.1579332514078704
-0.31	3.148156805431315
-0.306666666667	3.1383835766002184
-0.303333333333	3.098722144175024
-0.3	3.1188487392993602
-0.296666666667	3.109090395418331
-0.293333333333	3.0993339839825946
-0.29	3.0895817922826097
-0.286666666667	3.079833894147442
-0.283333333333	3.07009036467738
-0.28	3.0603513202490102
-0.276666666667	3.050295616773313
-0.273333333333	3.040886814634366
-0.27	3.031161518987928
-0.266666666667	3.021440989385638
-0.263333333333	3.011725312260679
-0.26	3.0020145716830187
-0.256666666667	2.992308852081368
-0.253333333333	2.982608239517169
-0.25	2.9729128220433383
-0.246666666667	2.963222689646736
-0.243333333333	2.9535379340819885
-0.24	2.9438586487282348
-0.236666666667	2.934184928496472
-0.233333333333	2.924516869774708
-0.23	2.91485457039334
-0.226666666667	2.905198129601757
-0.223333333333	2.895547648057764
-0.22	2.8859032278404104
-0.216666666667	2.876264972503562
-0.213333333333	2.866632987191925
-0.21	2.8570073788417476
-0.206666666667	2.84738825648304
-0.203333333333	2.837775731646111
-0.2	2.828169918850653
-0.196666666667	2.8185709361208153
-0.193333333333	2.808978905428658
-0.19	2.7993928935035357
-0.186666666667	2.78981440371254
-0.183333333333	2.7802440518652745
-0.18	2.77068328078264
-0.176666666667	2.7611278936000128
-0.173333333333	2.7515802086165797
-0.17	2.7420403571181224
-0.166666666667	2.7325084725663755
-0.163333333333	2.722984690573176
-0.16	2.713469148876562
-0.156666666667	2.7039619873282015
-0.153333333333	2.694463347902277
-0.15	2.6849731073216523
-0.146666666667	2.675492017021611
-0.143333333333	2.6660198695261776
-0.14	2.656556820256827
-0.136666666667	2.647103026220779
-0.133333333333	2.6376581022243872
-0.13	2.628222885993103
-0.126666666667	2.6187987713000314
-0.123333333333	2.609383603239599
-0.12	2.599978502490021
-0.116666666667	2.5905836375005338
-0.113333333333	2.581199178946378
-0.11	2.571825299834598
-0.106666666667	2.56246217560565
-0.103333333333	2.5531099842197893
-0.1	2.543768906220731
-0.0966666666667	2.5344391247751035
-0.0933333333333	2.525120825692081
-0.09	2.515814197431233
-0.0866666666667	2.5065194311072716
-0.0833333333333	2.4972367204983548
-0.08	2.487966262061194
-0.0766666666667	2.4787082549528527
-0.0733333333333	2.469462958695258
-0.07	2.4602301179323356
-0.0666666666667	2.451010411891087
-0.0633333333333	2.4418040725231123
-0.06	2.432612152155955
-0.0566666666667	2.4234331897750097
-0.0533333333333	2.4142681505132058
-0.05	2.4051172559576934
-0.0466666666667	2.395980730571693
-0.0433333333333	2.386858801707357
-0.04	2.377751699618524
-0.0366666666667	2.368659657473097
-0.0333333333333	2.359582911364767
-0.03	2.3505217003238505
-0.0266666666667	2.3414762663271294
-0.0233333333333	2.332446854306647
-0.02	2.3234337121574926
-0.0166666666667	2.3144372946581995
-0.0133333333333	2.3054573858131855
-0.01	2.2964945094423705
-0.00666666666667	2.2875489314572
-0.00333333333333	2.2786209185011406
0	2.2695867614477288
0.00333333333333	2.2608186587077324
0.00666666666667	2.2519449507614198
0.01	2.243089886623569
0.0133333333333	2.234253741359121
0.0166666666667	2.225436793077452
0.02	2.216639323215841
0.0233333333333	2.2078616167006864
0.0266666666667	2.199103961998276
0.03	2.190366651078166
0.0333333333333	2.1816499793172017
0.0366666666667	2.1729542453719493
0.04	2.1642797510433014
0.0433333333333	2.1556268011509316
0.0466666666667	2.1469957034285105
0.05	2.138386768444422
0.0533333333333	2.1298003095477247
0.0566666666667	2.1212366428357163
0.06	2.1126960871376155
0.0633333333333	2.1041789640083737
0.0666666666667	2.095685597727002
0.07	2.087216315295546
0.0733333333333	2.07877144643415
0.0766666666667	2.070351323572209
0.08	2.0619562818335306
0.0833333333333	2.0535866590161165
0.0866666666667	2.0452427955670793
0.09	2.0369250345535743
0.0933333333333	2.0286337216306434
0.0966666666667	2.020369205006824
0.1	2.012131835408176
0.103333333333	2.003921966041214
0.106666666667	1.9957399525550412
0.11	1.987586153002847
0.113333333333	1.9794609278028135
0.116666666667	1.9713646396984112
0.12	1.963297653718042
0.123333333333	1.955260337133956
0.126666666667	1.9472530594204016
0.13	1.9392761922109696
0.133333333333	1.9313301092551085
0.136666666667	1.923415186373828
0.14	1.9155318014145903
0.143333333333	1.907680334205421
0.146666666667	1.89986116650827
0.15	1.8920746819716505
0.153333333333	1.8843212660825788
0.156666666667	1.8766013061178501
0.16	1.8689150461483988
0.163333333333	1.8612631703059854
0.166666666667	1.8536459236178753
0.17	1.8460636995491315
0.173333333333	1.8385168932266722
0.176666666667	1.8310059013598388
0.18	1.823531122165074
0.183333333333	1.8160929552942386
0.186666666667	1.8086918017660574
0.19	1.8013280639001998
0.193333333333	1.7940021452535293
0.196666666667	1.786714450558117
0.2	1.7794653856606717
0.203333333333	1.7722553574630966
0.206666666667	1.7650847738639384
0.21	1.7579540437005408
0.213333333333	1.7508635766917617
0.216666666667	1.7438137833811347
0.22	1.7368050750803905
0.223333333333	1.729837863813273
0.226666666667	1.7229125622595929
0.23	1.7160295836994846
0.233333333333	1.709189341957827
0.236666666667	1.7023922513488057
0.24	1.695638726620595
0.243333333333	1.6889291829001416
0.246666666667	1.6822640356380356
0.25	1.675643700553454
0.253333333333	1.6690685935791714
0.256666666667	1.6625391308066257
0.26	1.6560557284310355
0.263333333333	1.6496188026965202
0.266666666667	1.6432287698413148
0.27	1.6345735602213853
0.273333333333	1.6305910473633578
0.276666666667	1.6243441896942077
0.28	1.6181458887018514
0.283333333333	1.6119965597724486
0.286666666667	1.6058966179568772
0.29	1.5998464779155044
0.293333333333	1.5938465538627486
0.296666666667	1.5878972595113845
0.3	1.5819990080165127
0.303333333333	1.5761522119191311
0.306666666667	1.5703572830892267
0.31	1.5646146326682948
0.313333333333	1.5589246710111926
0.316666666667	1.5532878076272267
0.32	1.547704451120354
0.323333333333	1.5421750091283855
0.326666666667	1.5366998882610607
0.33	1.5312794940368608
0.333333333333	1.5259142308184117
0.336666666667	1.520604501746337
0.34	1.515350708671393
0.343333333333	1.5101532520847294
0.346666666667	1.5050125310460936
0.35	1.4999289431098108
0.353333333333	1.4949028842483425
0.356666666667	1.4899347487732404
0.36	1.4850249292532862
0.363333333333	1.4801738164296239
0.366666666667	1.4753817991276652
0.37	1.4706492641655566
0.373333333333	1.465976596258991
0.376666666667	1.4613641779221342
0.38	1.4568123893644478
0.383333333333	1.452321608383176
0.386666666667	1.4478922102512681
0.39	1.4435245676005077
0.393333333333	1.439219050299618
0.396666666667	1.4349760253271184
0.4	1.430795856638707
0.403333333333	1.4266789050289466
0.406666666667	1.4226255279870421
0.41	1.4186360795465105
0.413333333333	1.4147109101285087
0.416666666667	1.4108503663786773
0.42	1.407054790997285
0.423333333333	1.4033245225625155
0.426666666667	1.3996598953467492
0.43	1.3960612391256924
0.433333333333	1.392528878980241
0.436666666667	1.38906313509097
0.44	1.385664322525169
0.443333333333	1.3823327510163654
0.446666666667	1.3790687247362936
0.45	1.3758725420593012
0.453333333333	1.3727444953192067
0.456666666667	1.3696848705586504
0.46	1.3666939472710082
0.463333333333	1.3637719981349743
0.466666666667	1.3609192887419432
0.47	1.3581360773163629
0.473333333333	1.355422614429255
0.476666666667	1.3527791427051443
0.48	1.3502058965226666
0.483333333333	1.347703101709164
0.486666666667	1.3452709752296181
0.49	1.3429097248702986
0.493333333333	1.340619548917555
0.496666666667	1.338400635832208
0.5	1.3362531639200363
0.503333333333	1.3341773009988973
0.506666666667	1.3321732040630472
0.51	1.330241018945272
0.513333333333	1.3283808799774701
0.516666666667	1.3265929096503584
0.52	1.324877218273015
0.523333333333	1.3232339036329945
0.526666666667	1.3216630506577813
0.53	1.3201647310783764
0.533333333333	1.318739003095842
0.536666666667	1.3173859110516315
0.54	1.3161054851025777
0.543333333333	1.3148977409014069
0.546666666667	1.3137626792836732
0.55	1.3127002859620107
0.553333333333	1.3117105312286124
0.556666666667	1.3107933696668428
0.56	1.3099487398728973
0.563333333333	1.3091765641884143
0.566666666667	1.3084767484449351
0.57	1.307849181721104
0.573333333333	1.307293736113474
0.576666666667	1.3068102665217771
0.58	1.3063986104494825
0.583333333333	1.3060585878204487
0.586666666667	1.3057900008124412
0.59	1.3055926337082502
0.593333333333	1.3054662527651117
0.596666666667	1.3054106061030875
0.6	1.3054254236130158
0.603333333333	1.3055104168846048
0.606666666667	1.3056652791551746
0.61	1.3058896852795168
0.613333333333	1.306183291721272
0.616666666667	1.3065457365661768
0.62	1.3069766395574633
0.623333333333	1.3074756021536413
0.626666666667	1.3080422076088203
0.63	1.3086760210756747
0.633333333333	1.3093765897310847
0.636666666667	1.3101434429244156
0.64	1.3109760923483456
0.643333333333	1.3118740322320757
0.646666666667	1.312836739556692
0.65	1.313863674292395
0.653333333333	1.3149542796572353
0.656666666667	1.3161079823969433
0.66	1.3173241930853772
0.663333333333	1.3186023064450576
0.666666666667	1.3199417016871977
0.67	1.3213417428705887
0.673333333333	1.3228017792786524
0.676666666667	1.3243211458139166
0.68	1.3258991634091377
0.683333333333	1.32753513945424
0.686666666667	1.3292283682382187
0.69	1.3309781314051055
0.693333333333	1.332783698423078
0.696666666667	1.3346443270657593
0.7	1.336559263904736
0.703333333333	1.3385277448123027
0.706666666667	1.3405489954734295
0.71	1.3426222319059284
0.713333333333	1.344746660987804
0.716666666667	1.3469214809907533
0.72	1.3491458821187898
0.723333333333	1.3514190470509708
0.726666666667	1.3537401514872085
0.73	1.3561083646961611
0.733333333333	1.358522850064215
0.736666666667	1.360982765644579
0.74	1.3634872647055405
0.743333333333	1.3660354962769496
0.746666666667	1.3686266056940257
0.75	1.371259735137606
0.753333333333	1.3739340241699867
0.756666666667	1.3766486102655404
0.76	1.3794026293353228
0.763333333333	1.3821952162449194
0.766666666667	1.3850255053248182
0.77	1.3878926308726323
0.773333333333	1.3907957276465337
0.776666666667	1.393733931349299
0.78	1.396706379102405
0.783333333333	1.3997122099096593
0.786666666667	1.4027505651098784
0.79	1.4058205888181812
0.793333333333	1.4089214283554894
0.796666666667	1.4120522346658841
0.8	1.415212162721487
0.803333333333	1.418400371914593
0.806666666667	1.4216160264368003
0.81	1.42485829564494
0.813333333333	1.428126354413625
0.816666666667	1.4314193834742872
0.82	1.4347365697406005
0.823333333333	1.4380771066202176
0.826666666667	1.4414401943127837
0.83	1.4448250400942242
0.833333333333	1.448230858587321
0.836666666667	1.4516568720186336
0.84	1.4551023104618364
0.843333333333	1.4585664120675748
0.846666666667	1.4620484232799629
0.85	1.465547599039872
0.853333333333	1.4690632029751713
0.856666666667	1.4725945075781104
0.86	1.4761407943700458
0.863333333333	1.4797013540537298
0.866666666667	1.4832754866533997
0.87	1.4868625016429082
0.873333333333	1.4904617180621649
0.876666666667	1.49407246462215
0.88	1.4976940797987885
0.883333333333	1.5013259119159699
0.886666666667	1.5049673192180109
0.89	1.5086176699318636
0.893333333333	1.5122763423193772
0.896666666667	1.5159427247199257
0.9	1.519616215583713
0.903333333333	1.523296223496076
0.906666666667	1.526982167193105
0.91	1.5306734755688924
0.913333333333	1.5343695876747392
0.916666666667	1.538069952710627
0.92	1.541774030009278
0.923333333333	1.5454812890131093
0.926666666667	1.549191209244401
0.93	1.5529032802689742
0.933333333333	1.5566170016536909
0.936666666667	1.5603318829180695
0.94	1.5640474434803084
0.943333333333	1.567763212598011
0.946666666667	1.5714787293038879
0.95	1.5751935423367207
0.953333333333	1.578907210067852
0.956666666667	1.582619300423469
0.96	1.5863293908029361
0.963333333333	1.5900370679934346
0.966666666667	1.5937419280811413
0.97	1.5974435763591985
0.973333333333	1.6011416272326922
0.976666666667	1.6048357041208694
0.98	1.6085254393568118
0.983333333333	1.6122104740847667
0.986666666667	1.6158904581553475
0.99	1.6195650500187893
0.993333333333	1.6232339166164549
0.996666666667	1.626896733270766
1.	1.6305531835737361