0.319153824321
4
-4.	14.191231721042856
-3.995	14.176231721042855
-3.99	14.161231721042855
-3.985	14.146231721042856
-3.98	14.131231721042855
-3.975	14.116231721042855
-3.97	14.101231721042856
-3.965	14.086231721042855
-3.96	14.071231721042855
-3.955	14.056231721042856
-3.95	14.041231721042855
-3.945	14.026231721042855
-3.94	14.011231721042854
-3.935	13.996231721042856
-3.93	13.981231721042855
-3.925	13.966231721042856
-3.92	13.951231721042856
-3.915	13.936231721042855
-3.91	13.921231721042854
-3.905	13.906231721042856
-3.9	13.891231721042855
-3.895	13.876231721042855
-3.89	13.861231721042856
-3.885	13.846231721042855
-3.88	13.831231721042855
-3.875	13.816231721042856
-3.87	13.801231721042855
-3.865	13.786231721042855
-3.86	13.771231721042856
-3.855	13.756231721042855
-3.85	13.741231721042855
-3.845	13.726231721042856
-3.84	13.711231721042855
-3.835	13.696231721042855
-3.83	13.681231721042856
-3.825	13.666231721042855
-3.82	13.651231721042855
-3.815	13.636231721042856
-3.81	13.621231721042856
-3.805	13.606231721042855
-3.8	13.591231721042856
-3.795	13.576231721042856
-3.79	13.561231721042855
-3.785	13.546231721042854
-3.78	13.531231721042856
-3.775	13.516231721042855
-3.77	13.501231721042855
-3.765	13.486231721042856
-3.76	13.471231721042855
-3.755	13.456231721042855
-3.75	13.441231721042856
-3.745	13.426231721042855
-3.74	13.411231721042855
-3.735	13.396231721042856
-3.73	13.381231721042855
-3.725	13.366231721042855
-3.72	13.351231721042856
-3.715	13.336231721042855
-3.71	13.321231721042855
-3.705	13.306231721042856
-3.7	13.291231721042855
-3.695	13.276231721042855
-3.69	13.261231721042856
-3.685	13.246231721042856
-3.68	13.231231721042855
-3.675	13.216231721042856
-3.67	13.201231721042856
-3.665	13.186231721042855
-3.66	13.171231721042854
-3.655	13.156231721042856
-3.65	13.141231721042855
-3.645	13.126231721042855
-3.64	13.111231721042856
-3.635	13.096231721042855
-3.63	13.081231721042855
-3.625	13.066231721042856
-3.62	13.051231721042855
-3.615	13.036231721042855
-3.61	13.021231721042856
-3.605	13.006231721042855
-3.6	12.991231721042855
-3.595	12.976231721042856
-3.59	12.961231721042855
-3.585	12.946231721042855
-3.58	12.931231721042856
-3.575	12.916231721042855
-3.57	12.901231721042855
-3.565	12.886231721042856
-3.56	12.871231721042856
-3.555	12.856231721042855
-3.55	12.841231721042856
-3.545	12.826231721042856
-3.54	12.811231721042855
-3.535	12.796231721042854
-3.53	12.781231721042856
-3.525	12.766231721042855
-3.52	12.751231721042856
-3.515	12.736231721042856
-3.51	12.721231721042855
-3.505	12.706231721042855
-3.5	12.691231721042856
-3.495	12.676231721042855
-3.49	12.661231721042855
-3.485	12.646231721042856
-3.48	12.631231721042855
-3.475	12.616231721042855
-3.47	12.601231721042856
-3.465	12.586231721042855
-3.46	12.571231721042855
-3.455	12.556231721042856
-3.45	12.541231721042855
-3.445	12.526231721042855
-3.44	12.511231721042856
-3.435	12.496231721042856
-3.43	12.481231721042855
-3.425	12.466231721042856
-3.42	12.451231721042856
-3.415	12.436231721042855
-3.41	12.421231721042854
-3.405	12.406231721042856
-3.4	12.391231721042855
-3.395	12.376231721042855
-3.39	12.361231721042856
-3.385	12.346231721042855
-3.38	12.331231721042855
-3.375	12.316231721042856
-3.37	12.301231721042855
-3.365	12.286231721042855
-3.36	12.271231721042856
-3.355	12.256231721042855
-3.35	12.241231721042855
-3.345	12.226231721042856
-3.34	12.211231721042855
-3.335	12.196231721042855
-3.33	12.181231721042856
-3.325	12.166231721042855
-3.32	12.151231721042855
-3.315	12.136231721042856
-3.31	12.121231721042856
-3.305	12.106231721042855
-3.3	12.091231721042856
-3.295	12.076231721042856
-3.29	12.061231721042855
-3.285	12.046231721042854
-3.28	12.031231721042856
-3.275	12.016231721042855
-3.27	12.001231721042855
-3.265	11.986231721042856
-3.26	11.971231721042855
-3.255	11.956231721042855
-3.25	11.941231721042856
-3.245	11.926231721042855
-3.24	11.911231721042855
-3.235	11.896231721042856
-3.23	11.881231721042855
-3.225	11.866231721042855
-3.22	11.851231721042856
-3.215	11.836231721042855
-3.21	11.821231721042855
-3.205	11.806231721042856
-3.2	11.791231721042855
-3.195	11.776231721042855
-3.19	11.761231721042856
-3.185	11.746231721042856
-3.18	11.731231721042855
-3.175	11.716231721042856
-3.17	11.701231721042856
-3.165	11.686231721042855
-3.16	11.671231721042854
-3.155	11.656231721042856
-3.15	11.641231721042855
-3.145	11.626231721042855
-3.14	11.611231721042856
-3.135	11.596231721042855
-3.13	11.581231721042855
-3.125	11.566231721042856
-3.12	11.551231721042855
-3.115	11.536231721042855
-3.11	11.521231721042856
-3.105	11.506231721042855
-3.1	11.491231721042855
-3.095	11.476231721042856
-3.09	11.461231721042855
-3.085	11.446231721042855
-3.08	11.431231721042856
-3.075	11.416231721042855
-3.07	11.401231721042855
-3.065	11.386231721042856
-3.06	11.371231721042856
-3.055	11.356231721042855
-3.05	11.341231721042854
-3.045	11.326231721042856
-3.04	11.311231721042855
-3.035	11.296231721042854
-3.03	11.281231721042856
-3.025	11.266231721042855
-3.02	11.251231721042855
-3.015	11.236231721042856
-3.01	11.221231721042855
-3.005	11.206231721042855
-3.	11.191231721042856
-2.995	11.176231721042855
-2.99	11.161231721042855
-2.985	11.146231721042856
-2.98	11.131231721042855
-2.975	11.116231721042855
-2.97	11.101231721042856
-2.965	11.086231721042855
-2.96	11.071231721042855
-2.955	11.056231721042856
-2.95	11.041231721042855
-2.945	11.026231721042855
-2.94	11.011231721042856
-2.935	10.996231721042856
-2.93	10.981231721042855
-2.925	10.966231721042854
-2.92	10.951231721042856
-2.915	10.936231721042855
-2.91	10.921231721042854
-2.905	10.906231721042856
-2.9	10.891231721042855
-2.895	10.876231721042855
-2.89	10.861231721042856
-2.885	10.846231721042855
-2.88	10.831231721042855
-2.875	10.816231721042856
-2.87	10.801231721042855
-2.865	10.786231721042855
-2.86	10.771231721042856
-2.855	10.756231721042855
-2.85	10.741231721042855
-2.845	10.726231721042856
-2.84	10.711231721042855
-2.835	10.696231721042855
-2.83	10.681231721042856
-2.825	10.666231721042855
-2.82	10.651231721042855
-2.815	10.636231721042856
-2.81	10.621231721042856
-2.805	10.606231721042855
-2.8	10.591231721042854
-2.795	10.576231721042856
-2.79	10.561231721042855
-2.785	10.546231721042854
-2.78	10.531231721042856
-2.775	10.516231721042855
-2.77	10.501231721042855
-2.765	10.486231721042856
-2.76	10.471231721042855
-2.755	10.456231721042855
-2.75	10.441231721042856
-2.745	10.426231721042855
-2.74	10.411231721042855
-2.735	10.396231721042856
-2.73	10.381231721042855
-2.725	10.366231721042855
-2.72	10.351231721042856
-2.715	10.336231721042855
-2.71	10.321231721042855
-2.705	10.306231721042856
-2.7	10.291231721042855
-2.695	10.276231721042855
-2.69	10.261231721042856
-2.685	10.246231721042856
-2.68	10.231231721042855
-2.675	10.216231721042856
-2.67	10.201231721042856
-2.665	10.186231721042855
-2.66	10.171231721042854
-2.655	10.156231721042856
-2.65	10.141231721042855
-2.645	10.126231721042855
-2.64	10.111231721042856
-2.635	10.096231721042855
-2.63	10.081231721042855
-2.625	10.066231721042856
-2.62	10.051231721042855
-2.615	10.036231721042855
-2.61	10.021231721042856
-2.605	10.006231721042855
-2.6	9.991231721042855
-2.595	9.976231721042856
-2.59	9.961231721042855
-2.585	9.946231721042855
-2.58	9.931231721042856
-2.575	9.916231721042855
-2.57	9.901231721042855
-2.565	9.886231721042856
-2.56	9.871231721042856
-2.555	9.856231721042855
-2.55	9.841231721042856
-2.545	9.826231721042856
-2.54	9.811231721042855
-2.535	9.796231721042854
-2.53	9.781231721042856
-2.525	9.766231721042855
-2.52	9.751231721042855
-2.515	9.736231721042856
-2.51	9.721231721042855
-2.505	9.706231721042855
-2.5	9.691231721042856
-2.495	9.676231721042855
-2.49	9.661231721042855
-2.485	9.646231721042856
-2.48	9.631231721042855
-2.475	9.616231721042855
-2.47	9.601231721042856
-2.465	9.586231721042855
-2.46	9.571231721042855
-2.455	9.556231721042856
-2.45	9.541231721042855
-2.445	9.526231721042855
-2.44	9.511231721042856
-2.435	9.496231721042856
-2.43	9.481231721042855
-2.425	9.466231721042856
-2.42	9.451231721042856
-2.415	9.436231721042855
-2.41	9.421231721042854
-2.405	9.406231721042856
-2.4	9.391231721042855
-2.395	9.376231721042855
-2.39	9.361231721042856
-2.385	9.346231721042855
-2.38	9.331231721042855
-2.375	9.316231721042856
-2.37	9.301231721042855
-2.365	9.286231721042855
-2.36	9.271231721042856
-2.355	9.256231721042855
-2.35	9.241231721042855
-2.345	9.226231721042856
-2.34	9.211231721042855
-2.335	9.196231721042855
-2.33	9.181231721042856
-2.325	9.166231721042855
-2.32	9.151231721042855
-2.315	9.136231721042856
-2.31	9.121231721042856
-2.305	9.106231721042855
-2.3	9.091231721042856
-2.295	9.076231721042856
-2.29	9.061231721042855
-2.285	9.046231721042854
-2.28	9.031231721042856
-2.275	9.016231721042855
-2.27	9.001231721042855
-2.265	8.986231721042856
-2.26	8.971231721042855
-2.255	8.956231721042855
-2.25	8.941231721042856
-2.245	8.926231721042855
-2.24	8.911231721042855
-2.235	8.896231721042856
-2.23	8.881231721042855
-2.225	8.866231721042855
-2.22	8.851231721042856
-2.215	8.836231721042855
-2.21	8.821231721042855
-2.205	8.806231721042856
-2.2	8.791231721042855
-2.195	8.776231721042857
-2.19	8.761231721042856
-2.185	8.746231721042856
-2.18	8.731231721042857
-2.175	8.716231721042856
-2.17	8.701231721042857
-2.165	8.686231721042859
-2.16	8.671231721042858
-2.155	8.65623172104286
-2.15	8.64123172104286
-2.145	8.62623172104286
-2.14	8.611231721042861
-2.135	8.596231721042864
-2.13	8.581231721042865
-2.125	8.566231721042866
-2.12	8.55123172104287
-2.115	8.536231721042872
-2.11	8.521231721042875
-2.105	8.50623172104288
-2.1	8.491231721042885
-2.095	8.476231721042891
-2.09	8.461231721042898
-2.085	8.446231721042906
-2.08	8.431231721042916
-2.075	8.416231721042928
-2.07	8.401231721042944
-2.065	8.386231721042959
-2.06	8.371231721042978
-2.055	8.356231721043
-2.05	8.341231721043027
-2.045	8.326231721043058
-2.04	8.311231721043095
-2.035	8.296231721043137
-2.03	8.281231721043186
-2.025	8.266231721043244
-2.02	8.25123172104331
-2.015	8.236231721043387
-2.01	8.221231721043477
-2.005	8.20623172104358
-2.	8.191231721043698
-1.995	8.176231721043836
-1.99	8.161231721043995
-1.985	8.146231721044177
-1.98	8.131231721044387
-1.975	8.116231721044628
-1.97	8.101231721044902
-1.965	8.086231721045218
-1.96	8.07123172104558
-1.955	8.056231721045991
-1.95	8.041231721046461
-1.945	8.026231721046997
-1.94	8.011231721047606
-1.935	7.996231721048299
-1.93	7.9812317210490855
-1.925	7.966231721049977
-1.92	7.951231721050987
-1.915	7.93623172105213
-1.91	7.921231721053422
-1.905	7.906231721054881
-1.9	7.891231721056526
-1.895	7.87623172105838
-1.89	7.8612317210604665
-1.885	7.8462317210628125
-1.88	7.831231721065447
-1.875	7.816231721068404
-1.87	7.801231721071718
-1.865	7.78623172107543
-1.86	7.771231721079584
-1.855	7.756231721084225
-1.85	7.741231721089409
-1.845	7.726231721095192
-1.84	7.711231721101638
-1.835	7.696231721108815
-1.83	7.681231721116802
-1.825	7.66623172112568
-1.82	7.65123172113554
-1.815	7.636231721146481
-1.81	7.621231721158612
-1.805	7.60623172117205
-1.8	7.591231721186925
-1.795	7.576231721203375
-1.79	7.561231721221554
-1.785	7.546231721241625
-1.78	7.5312317212637705
-1.775	7.516231721288182
-1.77	7.501231721315073
-1.765	7.486231721344673
-1.76	7.471231721377229
-1.755	7.456231721413007
-1.75	7.441231721452302
-1.745	7.426231721495424
-1.74	7.4112317215427135
-1.735	7.396231721594536
-1.73	7.381231721651285
-1.725	7.366231721713387
-1.72	7.3512317217813
-1.715	7.3362317218555155
-1.71	7.321231721936566
-1.705	7.3062317220250215
-1.7	7.291231722121496
-1.695	7.2762317222266475
-1.69	7.261231722341185
-1.685	7.246231722465865
-1.68	7.231231722601502
-1.675	7.2162317227489705
-1.67	7.201231722909203
-1.665	7.1862317230832
-1.66	7.171231723272032
-1.655	7.156231723476845
-1.65	7.141231723698862
-1.645	7.126231723939392
-1.64	7.11123172419983
-1.635	7.096231724481669
-1.63	7.081231724786498
-1.625	7.066231725116015
-1.62	7.051231725472029
-1.615	7.0362317258564655
-1.61	7.021231726271378
-1.605	7.0062317267189504
-1.6	6.99123172720151
-1.595	6.976231727721526
-1.59	6.961231728281631
-1.585	6.946231728884619
-1.58	6.931231729533459
-1.575	6.916231730231302
-1.57	6.901231730981497
-1.565	6.886231731787594
-1.56	6.871231732653361
-1.555	6.856231733582792
-1.55	6.841231734580122
-1.545	6.826231735649834
-1.54	6.811231736796684
-1.535	6.796231738025701
-1.53	6.7812317393422115
-1.525	6.766231740751849
-1.52	6.751231742260575
-1.515	6.7362317438746935
-1.51	6.721231745600866
-1.505	6.706231747446133
-1.5	6.691231749417934
-1.495	6.676231751524124
-1.49	6.661231753772996
-1.485	6.646231756173305
-1.48	6.631231758734286
-1.475	6.616231761465685
-1.47	6.601231764377776
-1.465	6.586231767481392
-1.46	6.571231770787953
-1.455	6.556231774309488
-1.45	6.541231778058674
-1.445	6.526231782048859
-1.44	6.511231786294096
-1.435	6.496231790809182
-1.43	6.481231795609683
-1.425	6.4662318007119834
-1.42	6.451231806133313
-1.415	6.4362318118917905
-1.41	6.421231818006469
-1.405	6.406231824497374
-1.4	6.391231831385551
-1.395	6.376231838693112
-1.39	6.361231846443284
-1.385	6.346231854660465
-1.38	6.331231863370267
-1.375	6.31623187259958
-1.37	6.301231882376631
-1.365	6.2862318927310366
-1.36	6.27123190369387
-1.355	6.256231915297728
-1.35	6.241231927576797
-1.345	6.226231940566923
-1.34	6.2112319543056875
-1.335	6.1962319688324845
-1.33	6.181231984188596
-1.325	6.166232000417282
-1.32	6.151232017563863
-1.315	6.1362320356758095
-1.31	6.1212320548028405
-1.305	6.106232074997014
-1.3	6.091232096312837
-1.295	6.076232118807364
-1.29	6.0612321425403115
-1.285	6.046232167574171
-1.28	6.03123219397433
-1.275	6.016232221809189
-1.27	6.001232251150302
-1.265	5.986232282072499
-1.26	5.971232314654031
-1.255	5.956232348976719
-1.25	5.941232385126092
-1.245	5.926232423191559
-1.24	5.911232463266561
-1.235	5.8962325054487446
-1.23	5.881232549840137
-1.225	5.866232596547331
-1.22	5.851232645681671
-1.215	5.836232697359457
-1.21	5.821232751702145
-1.205	5.806232808836561
-1.2	5.7912328688951265
-1.195	5.776232932016086
-1.19	5.761232998343747
-1.185	5.74623306802873
-1.18	5.73123314122823
-1.175	5.716233218106277
-1.17	5.701233298834025
-1.165	5.686233383590038
-1.16	5.671233472560588
-1.155	5.656233565939975
-1.15	5.641233663930848
-1.145	5.626233766744542
-1.14	5.611233874601432
-1.135	5.5962339877312965
-1.13	5.581234106373696
-1.125	5.566234230778362
-1.12	5.551234361205614
-1.115	5.536234497926772
-1.11	5.521234641224608
-1.105	5.506234791393794
-1.1	5.491234948741381
-1.095	5.4762351135872915
-1.09	5.461235286264827
-1.085	5.446235467121204
-1.08	5.431235656518102
-1.075	5.416235854832237
-1.07	5.401236062455954
-1.065	5.386236279797844
-1.06	5.371236507283383
-1.055	5.3562367453556
-1.05	5.34123699447576
-1.045	5.3262372551240835
-1.04	5.311237527800489
-1.035	5.2962378130253605
-1.03	5.28123811134035
-1.025	5.266238423309206
-1.02	5.251238749518633
-1.015	5.236239090579188
-1.01	5.221239447126204
-1.005	5.206239819820755
-1.	5.191687536127816
-0.996666666667	5.1816971059761965
-0.993333333333	5.171703754492579
-0.99	5.161711086432457
-0.986666666667	5.151718819761226
-0.983333333333	5.141725917640454
-0.98	5.1279794788730255
-0.976666666667	5.121742285276367
-0.973333333333	5.111750121883606
-0.97	5.10175830586875
-0.966666666667	5.091766998428971
-0.963333333333	5.0817744304658135
-0.96	5.071783772602711
-0.956666666667	5.0617912663123334
-0.953333333333	5.051789620347773
-0.95	5.041810497202308
-0.946666666667	5.0315352375596705
-0.943333333333	5.021828937081732
-0.94	5.011838478291872
-0.936666666667	5.001847775569976
-0.933333333333	4.991857507729038
-0.93	4.981857453840553
-0.926666666667	4.971879261667075
-0.923333333333	4.961883634529539
-0.92	4.951897946776514
-0.916666666667	4.94190877462124
-0.913333333333	4.93191952844446
-0.91	4.921932399011749
-0.906666666667	4.911942570091436
-0.903333333333	4.901953441826266
-0.9	4.891964605008465
-0.896666666667	4.881976099490793
-0.893333333333	4.871987848236618
-0.89	4.861999807356276
-0.886666666667	4.852011988150234
-0.883333333333	4.842024376209612
-0.88	4.832036970723834
-0.876666666667	4.822049768671351
-0.873333333333	4.8120627859558205
-0.87	4.8020760027118685
-0.866666666667	4.792089443126248
-0.863333333333	4.782103098959376
-0.86	4.772116974776533
-0.856666666667	4.762129334179445
-0.853333333333	4.75214540720623
-0.85	4.742160332231141
-0.846666666667	4.732174952273369
-0.843333333333	4.722189820129987
-0.84	4.712205097742901
-0.836666666667	4.702220470011051
-0.833333333333	4.692236306452918
-0.83	4.682253011637981
-0.826666666667	4.672268962902479
-0.823333333333	4.662284165158914
-0.82	4.65230217924714
-0.816666666667	4.6423192937924584
-0.813333333333	4.63233636434287
-0.81	4.622354363869541
-0.806666666667	4.612372329287366
-0.803333333333	4.602391902279511
-0.8	4.592408328891302
-0.796666666667	4.582428004585026
-0.793333333333	4.5724471731001515
-0.79	4.562466979953608
-0.786666666667	4.552486053227393
-0.783333333333	4.5425064871959915
-0.78	4.532527205253962
-0.776666666667	4.5225478465958835
-0.773333333333	4.512568851533123
-0.77	4.502590220660561
-0.766666666667	4.49261193627792
-0.763333333333	4.482634436040372
-0.76	4.472657172195405
-0.756666666667	4.462680029635559
-0.753333333333	4.45270320125493
-0.75	4.442726863331808
-0.746666666667	4.432750941006438
-0.743333333333	4.422775459771224
-0.74	4.412800276388045
-0.736666666667	4.402825510649591
-0.733333333333	4.392851266078494
-0.73	4.382877383583363
-0.726666666667	4.372903877685084
-0.723333333333	4.362930876008893
-0.72	4.352958318298991
-0.716666666667	4.342986168273723
-0.713333333333	4.333014486326872
-0.71	4.32304327745418
-0.706666666667	4.313072521922001
-0.703333333333	4.303102225992262
-0.7	4.293132393596807
-0.696666666667	4.283163016371564
-0.693333333333	4.273194079423793
-0.69	4.263225557497015
-0.686666666667	4.2532574083116295
-0.683333333333	4.243289565948651
-0.68	4.233321922694799
-0.676666666667	4.22335430143967
-0.673333333333	4.213386423727317
-0.67	4.203427855530779
-0.666666666667	4.193464323399145
-0.663333333333	4.183500591073249
-0.66	4.173535168193989
-0.656666666667	4.163574946393547
-0.653333333333	4.153613055001405
-0.65	4.143651618248031
-0.646666666667	4.133692771935669
-0.643333333333	4.1235826222372935
-0.64	4.113770653618672
-0.636666666667	4.103813350279497
-0.633333333333	4.0938554035903145
-0.63	4.0838988878477895
-0.626666666667	4.073888403829498
-0.623333333333	4.063986163148144
-0.62	4.054031056985777
-0.616666666667	4.044071489721121
-0.613333333333	4.03412297503834
-0.61	4.024170288120002
-0.606666666667	4.014218547092831
-0.603333333333	4.00426749860826
-0.6	3.99431688237844
-0.596666666667	3.984367298883339
-0.593333333333	3.974418848954686
-0.59	3.964461886696918
-0.586666666667	3.9545243289400034
-0.583333333333	3.944581840559297
-0.58	3.934635829492417
-0.576666666667	3.9246910449707517
-0.573333333333	3.9147473956592638
-0.57	3.9048047750628276
-0.566666666667	3.894863171208624
-0.563333333333	3.8849218772691514
-0.56	3.874982591783744
-0.556666666667	3.865044320569208
-0.553333333333	3.8551018740740455
-0.55	3.845170913279007
-0.546666666667	3.8352358267697184
-0.543333333333	3.8253018351898476
-0.54	3.8153689580290164
-0.536666666667	3.8054372190560253
-0.533333333333	3.7955066377095275
-0.53	3.785577231845376
-0.526666666667	3.7756463959456794
-0.523333333333	3.7657220737878734
-0.52	3.7557963128126133
-0.516666666667	3.745871815017216
-0.513333333333	3.7359485792817595
-0.51	3.7260266758545453
-0.506666666667	3.716106100382675
-0.503333333333	3.70618715918649
-0.5	3.696267249554972
-0.496666666667	3.6863525758444564
-0.493333333333	3.6764375485540324
-0.49	3.6665239695473377
-0.486666666667	3.65661186421362
-0.483333333333	3.6467018792541457
-0.48	3.6367921723473553
-0.476666666667	3.626884271236721
-0.473333333333	3.6169783693993525
-0.47	3.6070742949099364
-0.466666666667	3.597171792970372
-0.463333333333	3.5872707687977963
-0.46	3.577371319104047
-0.456666666667	3.5674736041998356
-0.453333333333	3.5575777205556003
-0.45	3.547683675417338
-0.446666666667	3.5377914441531932
-0.443333333333	3.5279010300346494
-0.44	3.518012475639129
-0.436666666667	3.5081112827012553
-0.433333333333	3.4966220046242364
-0.43	3.4883584607306855
-0.426666666667	3.4784777699930456
-0.423333333333	3.468599143151573
-0.42	3.458722615750578
-0.416666666667	3.448848215167432
-0.413333333333	3.4389759533213464
-0.41	3.429105903189352
-0.406666666667	3.41923809239889
-0.403333333333	3.40937256064071
-0.4	3.399507568604046
-0.396666666667	3.389648497013726
-0.393333333333	3.379790047815319
-0.39	3.369934043287269
-0.386666666667	3.3600805266507976
-0.383333333333	3.3502295419130754
-0.38	3.3403811338445446
-0.376666666667	3.330535348002882
-0.373333333333	3.320692711828754
-0.37	3.3108519100998586
-0.366666666667	3.3010140433439443
-0.363333333333	3.2911791721376487
-0.36	3.2813472723557675
-0.356666666667	3.271518309436592
-0.353333333333	3.2616922831099333
-0.35	3.2518692347123945
-0.346666666667	3.242049231220106
-0.343333333333	3.2322323453310307
-0.34	3.2224186437098217
-0.336666666667	3.2126081852376354
-0.333333333333	3.2028010248253174
-0.33	3.19299721766987
-0.326666666667	3.183196821382316
-0.323333333333	3.173399896062819
-0.32	3.1636065035320535
-0.316666666667	3.1538167066966722
-0.313333333333	3.1440305693451345
-0.31	3.134246851112735
-0.306666666667	3.1244673400409178
-0.303333333333	3.1146947671874474
-0.3	3.1049239264865376
-0.296666666667	3.0951570804785047
-0.293333333333	3.085394299793452
-0.29	3.0756356562965586
-0.286666666667	3.065881223109467
-0.283333333333	3.056131129341246
-0.28	3.0463853504678697
-0.276666666667	3.0366439857820993
-0.273333333333	3.026907132837066
-0.27	3.0171748792906183
-0.266666666667	3.007447307771441
-0.263333333333	2.99772449966446
-0.26	2.988006537279894
-0.256666666667	2.9782935047422407
-0.253333333333	2.968585488155242
-0.25	2.958882575481538
-0.246666666667	2.9491848563765046
-0.243333333333	2.939492422062871
-0.24	2.929805365253731
-0.236666666667	2.9201237801067554
-0.233333333333	2.910447762194285
-0.23	2.9007774084840983
-0.226666666667	2.8911128173358622
-0.223333333333	2.881454088526512
-0.22	2.87180132332382
-0.216666666667	2.8621546246306293
-0.213333333333	2.85251409722099
-0.21	2.842879848081261
-0.206666666667	2.833251986851611
-0.203333333333	2.8236306263349213
-0.2	2.814015883002281
-0.196666666667	2.8044076682391355
-0.193333333333	2.794805339890968
-0.19	2.785210634458827
-0.186666666667	2.775623775428999
-0.183333333333	2.766046156353653
-0.18	2.7564736784883226
-0.176666666667	2.746908672862766
-0.173333333333	2.737351268563221
-0.17	2.727801596839962
-0.166666666667	2.718259791082303
-0.163333333333	2.7087259867985063
-0.16	2.699200321610818
-0.156666666667	2.689682935274918
-0.153333333333	2.6801737286250034
-0.15	2.670673391475106
-0.146666666667	2.6611817489538825
-0.143333333333	2.651698954093564
-0.14	2.6422248996821014
-0.136666666667	2.6327598312055613
-0.133333333333	2.6233041243187287
-0.13	2.6138593706654887
-0.126666666667	2.6044231697314957
-0.123333333333	2.594996772066588
-0.12	2.5855803440350327
-0.116666666667	2.5761740542835954
-0.113333333333	2.5667780738493153
-0.11	2.5573925762590966
-0.106666666667	2.5480177376108437
-0.103333333333	2.5386537366306006
-0.1	2.5293007547063815
-0.0966666666667	2.5199589759047254
-0.0933333333333	2.510628586978612
-0.09	2.5013097773749826
-0.0866666666667	2.4920027392474426
-0.0833333333333	2.4827076674761432
-0.08	2.473425063754046
-0.0766666666667	2.4641541463911487
-0.0733333333333	2.454895845486002
-0.07	2.4456503972150974
-0.0666666666667	2.4364180276323752
-0.0633333333333	2.4271997940519485
-0.06	2.417994178167252
-0.0566666666667	2.4088021890350593
-0.0533333333333	2.3996240472083357
-0.05	2.390459976186737
-0.0466666666667	2.3813102024321378
-0.0433333333333	2.3721749553839953
-0.04	2.363054467474267
-0.0366666666667	2.3539489741415958
-0.0333333333333	2.344858713844585
-0.03	2.3357839280740627
-0.0266666666667	2.326724861364319
-0.0233333333333	2.3176817613033585
-0.02	2.3086550621055006
-0.0166666666667	2.2996445875361977
-0.0133333333333	2.290650844273959
-0.01	2.281674097560905
-0.00666666666667	2.2727146134595886
-0.00333333333333	2.263772659045187
0	2.254848502806399
0.00333333333333	2.2459424151530545
0.00666666666667	2.2370546689389377
0.01	2.2281855399289974
0.0133333333333	2.2193353071654305
0.0166666666667	2.2105042532122456
0.02	2.201692664279289
0.0233333333333	2.1929008302422877
0.0266666666667	2.184129044584495
0.03	2.1753776042885735
0.0333333333333	2.166646809705568
0.0366666666667	2.157936964422906
0.04	2.1492483751468208
0.0433333333333	2.1405813516079295
0.0466666666667	2.1319362064927883
0.05	2.1233132553998173
0.0533333333333	2.1147128168150937
0.0566666666667	2.106135212102195
0.06	2.097580765500124
0.0633333333333	2.0890498041240857
0.0666666666667	2.0778623694081517
0.07	2.072059659885535
0.0733333333333	2.063601145610044
0.0766666666667	2.055167453709508
0.08	2.046758925580655
0.0833333333333	2.0383759054204305
0.0866666666667	2.030018740196648
0.09	2.021687779615725
0.0933333333333	2.0133833760882753
0.0966666666667	2.0051058846931764
0.1	1.9968556631405152
0.103333333333	1.9886330717336624
0.106666666667	1.980438473330583
0.11	1.9722722333044076
0.113333333333	1.9641347195032235
0.116666666667	1.956026302209025
0.12	1.947947354095768
0.123333333333	1.9398982501864683
0.126666666667	1.931879367809324
0.13	1.9238910865528418
0.133333333333	1.9159337882199723
0.136666666667	1.908007856781283
0.14	1.9001136783271775
0.143333333333	1.8922516410192038
0.146666666667	1.884422135040475
0.15	1.8766255525452262
0.153333333333	1.8688621395733434
0.156666666667	1.8611325906017517
0.16	1.8534371544500396
0.163333333333	1.845776230061008
0.166666666667	1.8381502182309821
0.17	1.8305595215240344
0.173333333333	1.8230045441904437
0.176666666667	1.8154856920889704
0.18	1.8080033726124616
0.183333333333	1.8005579946162777
0.186666666667	1.7931499683490468
0.19	1.7857797053853084
0.193333333333	1.778447618559658
0.196666666667	1.7711541219020646
0.2	1.7638996305740964
0.203333333333	1.7566845608058421
0.206666666667	1.7495093298333528
0.21	1.7423743558364855
0.213333333333	1.7352800578770369
0.216666666667	1.7282268558371063
0.22	1.721215170357622
0.223333333333	1.7142454227769919
0.226666666667	1.7073180350698518
0.23	1.700433429785881
0.233333333333	1.6935920299886749
0.236666666667	1.6867942591946565
0.24	1.6800405413120245
0.243333333333	1.6733313005797272
0.246666666667	1.6666669615064658
0.25	1.6600479488097193
0.253333333333	1.6534746873548016
0.256666666667	1.6469476020939415
0.26	1.640467118005394
0.263333333333	1.6340336600325822
0.266666666667	1.6276476530232722
0.27	1.6213095216687252
0.273333333333	1.61501969044295
0.276666666667	1.6087785835418655
0.28	1.6025866248224891
0.283333333333	1.5964442377420602
0.286666666667	1.5903518452970933
0.29	1.5843098699623075
0.293333333333	1.5783187336293918
0.296666666667	1.5723788575455537
0.3	1.5664906622517873
0.303333333333	1.5606545675207908
0.306666666667	1.5548709922944615
0.31	1.5491403546208782
0.313333333333	1.5434630715906847
0.316666666667	1.5378395592727685
0.32	1.5322702326491309
0.323333333333	1.5267555055488322
0.326666666667	1.5212957905808877
0.33	1.5158914990659849
0.333333333333	1.5105430409668787
0.336666666667	1.5052508248173282
0.34	1.5000152576494044
0.343333333333	1.4948367449190252
0.346666666667	1.4897156904295341
0.35	1.484652496253153
0.353333333333	1.4796475626501238
0.356666666667	1.4747012879853483
0.36	1.4698140686423309
0.363333333333	1.464986298934218
0.366666666667	1.460218371011728
0.37	1.4555106747677622
0.373333333333	1.4508635977384698
0.376666666667	1.446277525000554
0.38	1.4417528390645897
0.383333333333	1.437289919764129
0.386666666667	1.4328891441403635
0.39	1.428550886322119
0.393333333333	1.4242755174009503
0.396666666667	1.4200634053011105
0.4	1.4159149146441805
0.403333333333	1.411830406608122
0.406666666667	1.40781023878056
0.41	1.4038547650060702
0.413333333333	1.399964335227294
0.416666666667	1.3961392953196565
0.42	1.3923799869195532
0.423333333333	1.388686747245803
0.426666666667	1.3850599089142368
0.43	1.3814997997452747
0.433333333333	1.3780067425643803
0.436666666667	1.3745810549952862
0.44	1.3712230492459145
0.443333333333	1.3679330318869347
0.446666666667	1.3647113036229241
0.45	1.361558159056121
0.453333333333	1.3584738864427943
0.456666666667	1.355458767442268
0.46	1.3525130768586844
0.463333333333	1.349637082375605
0.466666666667	1.3468310442835982
0.47	1.3440952152009769
0.473333333333	1.3414298397878983
0.476666666667	1.3388351544540682
0.48	1.336311387060327
0.483333333333	1.3338587566144327
0.486666666667	1.3314774729613965
0.49	1.329167736468759
0.493333333333	1.3269297377072338
0.496666666667	1.3247636571271912
0.5	1.322669664731479
0.503333333333	1.3206479197451264
0.506666666667	1.318698570282505
0.51	1.3168217530125637
0.513333333333	1.3150175928227856
0.516666666667	1.3132862024825467
0.52	1.3116276823065904
0.523333333333	1.3100421198193677
0.526666666667	1.3085295894210056
0.53	1.3070901520557154
0.533333333333	1.305723854883447
0.536666666667	1.3044307309556569
0.54	1.3032107988960282
0.543333333333	1.3020640625870392
0.546666666667	1.3009905108632622
0.55	1.2999901172122994
0.553333333333	1.2990628394842592
0.556666666667	1.2982086196106823
0.56	1.2974273833338281
0.563333333333	1.2967190399472208
0.566666666667	1.2960834820483542
0.57	1.295520585304431
0.573333333333	1.2950302082320102
0.576666666667	1.2946121919913975
0.58	1.2942663601966085
0.583333333333	1.29399251874169
0.586666666667	1.2937904556441668
0.59	1.2936599409063327
0.593333333333	1.2936007263950755
0.596666666667	1.2936125457408796
0.6	1.293695114256601
0.603333333333	1.29384812887657
0.606666666667	1.294071268116506
0.61	1.2943641920547058
0.613333333333	1.2947265423348706
0.616666666667	1.2951579421909183
0.62	1.2956579964940296
0.623333333333	1.2962262918221465
0.626666666667	1.2968623965520527
0.63	1.2975658609741172
0.633333333333	1.298336217429709
0.636666666667	1.2991729804712284
0.64	1.3000756470446309
0.643333333333	1.3010436966942618
0.646666666667	1.302076591789746
0.65	1.3031737777746202
0.653333333333	1.3043346834363276
0.656666666667	1.30555872119714
0.66	1.3068452874255032
0.663333333333	1.3081937627672586
0.666666666667	1.3096035124961238
0.67	1.3110738868827738
0.673333333333	1.3126042215818121
0.676666666667	1.3141938380358724
0.68	1.3158420438960503
0.683333333333	1.3175481334578267
0.686666666667	1.3193113881116043
0.69	1.3211310768069493
0.693333333333	1.3230064565296007
0.696666666667	1.3249367727902832
0.7	1.3269212601243425
0.703333333333	1.3289591426011993
0.706666666667	1.3310496343426077
0.71	1.3331919400486965
0.713333333333	1.3353852555307613
0.716666666667	1.337628768249775
0.72	1.3399216578595898
0.723333333333	1.3422630967538036
0.726666666667	1.344652250615274
0.73	1.3470882789672796
0.733333333333	1.349570335725333
0.736666666667	1.3520975697486852
0.74	1.3546691253905587
0.743333333333	1.357284143046197
0.746666666667	1.3599417596978174
0.75	1.3626411094556088
0.753333333333	1.365381324093922
0.756666666667	1.3681615335818542
0.76	1.370980866607444
0.763333333333	1.3738384510947472
0.766666666667	1.3767334147130845
0.77	1.3796648853778
0.773333333333	1.3826319917419057
0.776666666667	1.385633863678025
0.78	1.3886696327500885
0.783333333333	1.3917384326742785
0.786666666667	1.394839399768754
0.79	1.3979716733917333
0.793333333333	1.4011343963675467
0.796666666667	1.404326715400316
0.8	1.4075477814749537
0.803333333333	1.4107967502452123
0.806666666667	1.4140727824085564
0.81	1.417375044067664
0.813333333333	1.4207027070783984
0.816666666667	1.424054949384132
0.82	1.42743095533633
0.823333333333	1.430829916001341
0.826666666667	1.4342510294533695
0.83	1.437693501053637
0.833333333333	1.4411565437157647
0.836666666667	1.4446393781574405
0.84	1.4481412331384569
0.843333333333	1.4516613456852354
0.846666666667	1.4551989613019658
0.85	1.4587533341685242
0.853333333333	1.46232372732534
0.856666666667	1.4659094128454113
0.86	1.4695096719936793
0.863333333333	1.4731237953739882
0.866666666667	1.4767510830638777
0.87	1.4803908447374559
0.873333333333	1.4840423997766294
0.876666666667	1.48770507737096
0.88	1.4913782166064373
0.883333333333	1.4950611665434659
0.886666666667	1.4987532862843624
0.89	1.502453945030674
0.893333333333	1.5061625221306283
0.896666666667	1.5098784071170328
0.9	1.5136009997359385
0.903333333333	1.5173297099663918
0.906666666667	1.5210639580315908
0.91	1.5248031744017736
0.913333333333	1.5285467997891529
0.916666666667	1.5322942851352188
0.92	1.536045091590729
0.923333333333	1.5397986904886942
0.926666666667	1.5435545633106775
0.93	1.5473122016467102
0.933333333333	1.5510711071491285
0.936666666667	1.5548307914806305
0.94	1.5585907762568456
0.943333333333	1.5623505929837045
0.946666666667	1.566109782989892
0.95	1.569867897354661
0.953333333333	1.5736244968312734
0.956666666667	1.577379151766335
0.96	1.5811314420152784
0.963333333333	1.5848809568542483
0.966666666667	1.5886272948886246
0.97	1.592370063958428
0.973333333333	1.596108881040829
0.976666666667	1.5998433721499892
0.98	1.603573172234443
0.983333333333	1.6072979250722312
0.986666666667	1.6110172831639848
0.99	1.6147309076241503
0.993333333333	1.6184384680705495
0.996666666667	1.6221396425124408
1.	1.625834117237265