0.0797884560803
4
-4.	14.203907314816481
-3.995	14.18890731481648
-3.99	14.173907314816482
-3.985	14.158907314816481
-3.98	14.143907314816481
-3.975	14.128907314816482
-3.97	14.113907314816482
-3.965	14.098907314816481
-3.96	14.083907314816482
-3.955	14.068907314816482
-3.95	14.053907314816481
-3.945	14.038907314816482
-3.94	14.023907314816482
-3.935	14.008907314816481
-3.93	13.993907314816482
-3.925	13.978907314816482
-3.92	13.963907314816481
-3.915	13.948907314816482
-3.91	13.933907314816482
-3.905	13.918907314816481
-3.9	13.90390731481648
-3.895	13.888907314816482
-3.89	13.873907314816481
-3.885	13.85890731481648
-3.88	13.843907314816482
-3.875	13.828907314816481
-3.87	13.81390731481648
-3.865	13.798907314816482
-3.86	13.783907314816481
-3.855	13.768907314816481
-3.85	13.753907314816482
-3.845	13.738907314816482
-3.84	13.723907314816481
-3.835	13.708907314816482
-3.83	13.693907314816482
-3.825	13.678907314816481
-3.82	13.663907314816482
-3.815	13.648907314816482
-3.81	13.633907314816481
-3.805	13.618907314816482
-3.8	13.603907314816482
-3.795	13.588907314816481
-3.79	13.57390731481648
-3.785	13.558907314816482
-3.78	13.543907314816481
-3.775	13.52890731481648
-3.77	13.513907314816482
-3.765	13.498907314816481
-3.76	13.48390731481648
-3.755	13.468907314816482
-3.75	13.453907314816481
-3.745	13.43890731481648
-3.74	13.423907314816482
-3.735	13.408907314816481
-3.73	13.393907314816481
-3.725	13.378907314816482
-3.72	13.363907314816482
-3.715	13.348907314816481
-3.71	13.333907314816482
-3.705	13.318907314816482
-3.7	13.303907314816481
-3.695	13.288907314816482
-3.69	13.273907314816482
-3.685	13.258907314816481
-3.68	13.243907314816482
-3.675	13.228907314816482
-3.67	13.213907314816481
-3.665	13.198907314816482
-3.66	13.183907314816482
-3.655	13.168907314816481
-3.65	13.15390731481648
-3.645	13.138907314816482
-3.64	13.123907314816481
-3.635	13.10890731481648
-3.63	13.093907314816482
-3.625	13.078907314816481
-3.62	13.06390731481648
-3.615	13.048907314816482
-3.61	13.033907314816481
-3.605	13.018907314816481
-3.6	13.003907314816482
-3.595	12.988907314816482
-3.59	12.973907314816481
-3.585	12.958907314816482
-3.58	12.943907314816482
-3.575	12.928907314816481
-3.57	12.913907314816482
-3.565	12.898907314816482
-3.56	12.883907314816481
-3.555	12.868907314816482
-3.55	12.853907314816482
-3.545	12.838907314816481
-3.54	12.823907314816482
-3.535	12.808907314816482
-3.53	12.793907314816481
-3.525	12.77890731481648
-3.52	12.763907314816482
-3.515	12.748907314816481
-3.51	12.73390731481648
-3.505	12.718907314816482
-3.5	12.703907314816481
-3.495	12.68890731481648
-3.49	12.673907314816482
-3.485	12.658907314816481
-3.48	12.643907314816481
-3.475	12.628907314816482
-3.47	12.613907314816482
-3.465	12.598907314816481
-3.46	12.583907314816482
-3.455	12.568907314816482
-3.45	12.553907314816481
-3.445	12.538907314816482
-3.44	12.523907314816482
-3.435	12.508907314816481
-3.43	12.493907314816482
-3.425	12.478907314816482
-3.42	12.463907314816481
-3.415	12.448907314816482
-3.41	12.433907314816482
-3.405	12.418907314816481
-3.4	12.403907314816482
-3.395	12.388907314816482
-3.39	12.373907314816481
-3.385	12.35890731481648
-3.38	12.343907314816482
-3.375	12.328907314816481
-3.37	12.31390731481648
-3.365	12.298907314816482
-3.36	12.283907314816481
-3.355	12.268907314816481
-3.35	12.253907314816482
-3.345	12.238907314816482
-3.34	12.223907314816481
-3.335	12.208907314816482
-3.33	12.193907314816482
-3.325	12.178907314816481
-3.32	12.163907314816482
-3.315	12.148907314816482
-3.31	12.133907314816481
-3.305	12.118907314816482
-3.3	12.103907314816482
-3.295	12.088907314816481
-3.29	12.07390731481648
-3.285	12.058907314816482
-3.28	12.043907314816481
-3.275	12.02890731481648
-3.27	12.013907314816482
-3.265	11.998907314816481
-3.26	11.98390731481648
-3.255	11.968907314816482
-3.25	11.953907314816481
-3.245	11.93890731481648
-3.24	11.923907314816482
-3.235	11.908907314816481
-3.23	11.893907314816481
-3.225	11.878907314816482
-3.22	11.863907314816482
-3.215	11.848907314816481
-3.21	11.833907314816482
-3.205	11.818907314816482
-3.2	11.803907314816481
-3.195	11.788907314816482
-3.19	11.773907314816482
-3.185	11.758907314816481
-3.18	11.743907314816482
-3.175	11.728907314816482
-3.17	11.713907314816483
-3.165	11.698907314816482
-3.16	11.683907314816482
-3.155	11.668907314816483
-3.15	11.653907314816482
-3.145	11.638907314816482
-3.14	11.623907314816483
-3.135	11.608907314816483
-3.13	11.593907314816484
-3.125	11.578907314816483
-3.12	11.563907314816484
-3.115	11.548907314816484
-3.11	11.533907314816485
-3.105	11.518907314816484
-3.1	11.503907314816486
-3.095	11.488907314816485
-3.09	11.473907314816486
-3.085	11.458907314816487
-3.08	11.443907314816487
-3.075	11.428907314816488
-3.07	11.41390731481649
-3.065	11.39890731481649
-3.06	11.383907314816492
-3.055	11.368907314816493
-3.05	11.353907314816494
-3.045	11.338907314816495
-3.04	11.323907314816497
-3.035	11.308907314816498
-3.03	11.2939073148165
-3.025	11.278907314816504
-3.02	11.263907314816505
-3.015	11.248907314816508
-3.01	11.233907314816511
-3.005	11.218907314816516
-3.	11.203907314816519
-2.995	11.188907314816523
-2.99	11.173907314816528
-2.985	11.158907314816533
-2.98	11.143907314816538
-2.975	11.128907314816544
-2.97	11.113907314816553
-2.965	11.09890731481656
-2.96	11.083907314816567
-2.955	11.068907314816578
-2.95	11.053907314816588
-2.945	11.038907314816598
-2.94	11.02390731481661
-2.935	11.008907314816623
-2.93	10.993907314816639
-2.925	10.978907314816654
-2.92	10.963907314816671
-2.915	10.94890731481669
-2.91	10.933907314816711
-2.905	10.918907314816733
-2.9	10.903907314816758
-2.895	10.888907314816784
-2.89	10.873907314816813
-2.885	10.858907314816845
-2.88	10.84390731481688
-2.875	10.828907314816917
-2.87	10.813907314816959
-2.865	10.798907314817003
-2.86	10.78390731481705
-2.855	10.7689073148171
-2.85	10.753907314817157
-2.845	10.738907314817219
-2.84	10.723907314817286
-2.835	10.708907314817356
-2.83	10.693907314817434
-2.825	10.678907314817517
-2.82	10.663907314817607
-2.815	10.648907314817704
-2.81	10.633907314817808
-2.805	10.618907314817921
-2.8	10.603907314818043
-2.795	10.588907314818174
-2.79	10.573907314818316
-2.785	10.558907314818468
-2.78	10.54390731481863
-2.775	10.528907314818806
-2.77	10.513907314818995
-2.765	10.498907314819197
-2.76	10.483907314819415
-2.755	10.46890731481965
-2.75	10.453907314819899
-2.745	10.438907314820169
-2.74	10.423907314820456
-2.735	10.408907314820764
-2.73	10.393907314821094
-2.725	10.378907314821447
-2.72	10.363907314821827
-2.715	10.348907314822231
-2.71	10.333907314822664
-2.705	10.318907314823125
-2.7	10.303907314823618
-2.695	10.288907314824145
-2.69	10.273907314824708
-2.685	10.25890731482531
-2.68	10.24390731482595
-2.675	10.228907314826632
-2.67	10.21390731482736
-2.665	10.198907314828135
-2.66	10.18390731482896
-2.655	10.168907314829841
-2.65	10.153907314830777
-2.645	10.138907314831773
-2.64	10.123907314832831
-2.635	10.108907314833957
-2.63	10.093907314835155
-2.625	10.078907314836426
-2.62	10.063907314837778
-2.615	10.048907314839212
-2.61	10.033907314840734
-2.605	10.018907314842352
-2.6	10.003907314844065
-2.595	9.988907314845886
-2.59	9.973907314847814
-2.585	9.958907314849858
-2.58	9.943907314852025
-2.575	9.92890731485432
-2.57	9.913907314856749
-2.565	9.898907314859324
-2.56	9.883907314862046
-2.555	9.86890731486493
-2.55	9.85390731486798
-2.545	9.838907314871205
-2.54	9.823907314874617
-2.535	9.808907314878223
-2.53	9.793907314882034
-2.525	9.77890731488606
-2.52	9.763907314890314
-2.515	9.748907314894806
-2.51	9.733907314899549
-2.505	9.718907314904556
-2.5	9.70390731490984
-2.495	9.688907314915413
-2.49	9.673907314921294
-2.485	9.658907314927497
-2.48	9.643907314934035
-2.475	9.628907314940928
-2.47	9.613907314948193
-2.465	9.598907314955849
-2.46	9.583907314963913
-2.455	9.568907314972407
-2.45	9.553907314981352
-2.445	9.538907314990768
-2.44	9.523907315000681
-2.435	9.508907315011113
-2.43	9.493907315022089
-2.425	9.478907315033636
-2.42	9.463907315045782
-2.415	9.448907315058555
-2.41	9.433907315071984
-2.405	9.4189073150861
-2.4	9.403907315100938
-2.395	9.388907315116528
-2.39	9.373907315132909
-2.385	9.358907315150116
-2.38	9.34390731516819
-2.375	9.328907315187168
-2.37	9.313907315207095
-2.365	9.29890731522801
-2.36	9.283907315249966
-2.355	9.268907315273005
-2.35	9.253907315297178
-2.345	9.23890731532254
-2.34	9.223907315349141
-2.335	9.20890731537704
-2.33	9.193907315406292
-2.325	9.178907315436964
-2.32	9.163907315469116
-2.315	9.148907315502814
-2.31	9.133907315538131
-2.305	9.118907315575136
-2.3	9.103907315613906
-2.295	9.088907315654518
-2.29	9.073907315697056
-2.285	9.058907315741603
-2.28	9.043907315788248
-2.275	9.028907315837085
-2.27	9.013907315888208
-2.265	8.998907315941718
-2.26	8.98390731599772
-2.255	8.968907316056324
-2.25	8.953907316117638
-2.245	8.938907316181785
-2.24	8.923907316248885
-2.235	8.908907316319066
-2.23	8.893907316392461
-2.225	8.878907316469208
-2.22	8.86390731654945
-2.215	8.848907316633337
-2.21	8.833907316721026
-2.205	8.818907316812679
-2.2	8.803907316908461
-2.195	8.788907317008551
-2.19	8.77390731711313
-2.185	8.758907317222388
-2.18	8.743907317336522
-2.175	8.728907317455736
-2.17	8.713907317580246
-2.165	8.698907317710272
-2.16	8.683907317846048
-2.155	8.66890731798781
-2.15	8.653907318135808
-2.145	8.638907318290304
-2.14	8.623907318451566
-2.135	8.608907318619876
-2.13	8.593907318795521
-2.125	8.57890731897881
-2.12	8.563907319170054
-2.115	8.548907319369583
-2.11	8.533907319577736
-2.105	8.518907319794867
-2.1	8.50390732002134
-2.095	8.488907320257544
-2.09	8.473907320503871
-2.085	8.458907320760733
-2.08	8.44390732102856
-2.075	8.428907321307797
-2.07	8.413907321598908
-2.065	8.39890732190237
-2.06	8.383907322218686
-2.055	8.368907322548372
-2.05	8.353907322891967
-2.045	8.33890732325003
-2.04	8.323907323623144
-2.035	8.308907324011912
-2.03	8.29390732441696
-2.025	8.278907324838938
-2.02	8.263907325278526
-2.015	8.248907325736422
-2.01	8.233907326213357
-2.005	8.218907326710088
-2.	8.2039073272274
-1.995	8.188907327766112
-1.99	8.173907328327068
-1.985	8.15890732891115
-1.98	8.143907329519271
-1.975	8.128907330152378
-1.97	8.113907330811458
-1.965	8.09890733149753
-1.96	8.083907332211657
-1.955	8.068907332954941
-1.95	8.053907333728523
-1.945	8.038907334533588
-1.94	8.023907335371371
-1.935	8.008907336243148
-1.93	7.993907337150246
-1.925	7.97890733809404
-1.92	7.96390733907596
-1.915	7.948907340097488
-1.91	7.933907341160163
-1.905	7.91890734226558
-1.9	7.903907343415397
-1.895	7.888907344611332
-1.89	7.8739073458551685
-1.885	7.858907347148757
-1.88	7.843907348494018
-1.875	7.828907349892942
-1.87	7.813907351347598
-1.865	7.798907352860128
-1.86	7.783907354432756
-1.855	7.768907356067792
-1.85	7.753907357767627
-1.845	7.738907359534746
-1.84	7.723907361371724
-1.835	7.7089073632812335
-1.83	7.693907365266046
-1.825	7.678907367329036
-1.82	7.663907369473185
-1.815	7.648907371701587
-1.81	7.633907374017448
-1.805	7.618907376424096
-1.8	7.603907378924982
-1.795	7.588907381523683
-1.79	7.573907384223911
-1.785	7.558907387029514
-1.78	7.543907389944484
-1.775	7.528907392972959
-1.77	7.513907396119233
-1.765	7.498907399387755
-1.76	7.483907402783141
-1.755	7.468907406310177
-1.75	7.453907409973824
-1.745	7.438907413779229
-1.74	7.423907417731726
-1.735	7.4089074218368465
-1.73	7.393907426100327
-1.725	7.3789074305281135
-1.72	7.363907435126371
-1.715	7.348907439901492
-1.71	7.3339074448601025
-1.705	7.318907450009073
-1.7	7.303907455355527
-1.695	7.288907460906847
-1.69	7.273907466670689
-1.685	7.258907472654988
-1.68	7.243907478867969
-1.675	7.228907485318161
-1.67	7.213907492014403
-1.665	7.198907498965857
-1.66	7.183907506182023
-1.655	7.168907513672745
-1.65	7.153907521448228
-1.645	7.1389075295190505
-1.64	7.1239075378961765
-1.635	7.108907546590969
-1.63	7.093907555615209
-1.625	7.078907564981101
-1.62	7.063907574701302
-1.615	7.048907584788924
-1.61	7.033907595257558
-1.605	7.018907606121291
-1.6	7.003907617394723
-1.595	6.988907629092982
-1.59	6.97390764123175
-1.585	6.958907653827276
-1.58	6.9439076668964
-1.575	6.928907680456573
-1.57	6.913907694525882
-1.565	6.898907709123068
-1.56	6.883907724267552
-1.555	6.868907739979462
-1.55	6.853907756279652
-1.545	6.8389077731897325
-1.54	6.823907790732099
-1.535	6.8089078089299555
-1.53	6.793907827807348
-1.525	6.77890784738919
-1.52	6.763907867701301
-1.515	6.748907888770429
-1.51	6.733907910624292
-1.505	6.718907933291609
-1.5	6.703907956802136
-1.495	6.688907981186706
-1.49	6.673908006477261
-1.485	6.6589080327069015
-1.48	6.643908059909918
-1.475	6.628908088121839
-1.47	6.613908117379475
-1.465	6.598908147720965
-1.46	6.583908179185819
-1.455	6.568908211814974
-1.45	6.553908245650839
-1.445	6.538908280737353
-1.44	6.523908317120033
-1.435	6.508908354846039
-1.43	6.493908393964224
-1.425	6.4789084345252
-1.42	6.463908476581399
-1.415	6.448908520187138
-1.41	6.433908565398687
-1.405	6.418908612274335
-1.4	6.40390866087447
-1.395	6.388908711261646
-1.39	6.373908763500663
-1.385	6.358908817658647
-1.38	6.343908873805136
-1.375	6.328908932012158
-1.37	6.313908992354332
-1.365	6.298909054908945
-1.36	6.2839091197560615
-1.355	6.268909186978614
-1.35	6.2539092566625065
-1.345	6.238909328896723
-1.34	6.223909403773433
-1.335	6.208909481388109
-1.33	6.193909561839641
-1.325	6.17890964523046
-1.32	6.163909731666664
-1.315	6.148909821258146
-1.31	6.133909914118732
-1.305	6.11891001036632
-1.3	6.1039101101230235
-1.295	6.088910213515322
-1.29	6.073910320674218
-1.285	6.058910431735397
-1.28	6.04391054683939
-1.275	6.028910666131753
-1.27	6.013910789763237
-1.265	5.998910917889982
-1.26	5.9839110506737
-1.255	5.968911188281878
-1.25	5.953911330887982
-1.245	5.938911478671667
-1.24	5.923911631819
-1.235	5.908911790522686
-1.23	5.893911954982306
-1.225	5.878912125404554
-1.22	5.863912302003498
-1.215	5.848912485000838
-1.21	5.833912674626176
-1.205	5.8189128711172975
-1.2	5.803913074720461
-1.195	5.788913285690699
-1.19	5.773913504292129
-1.185	5.758913730798278
-1.18	5.7439139654924105
-1.175	5.728914208667879
-1.17	5.713914460628481
-1.165	5.698914721688825
-1.16	5.68391499217472
-1.155	5.668915272423566
-1.15	5.6539155627847695
-1.145	5.638915863620167
-1.14	5.623916175304467
-1.135	5.608916498225702
-1.13	5.5939168327857045
-1.125	5.578917179400593
-1.12	5.563917538501282
-1.115	5.548917910534
-1.11	5.533918295960836
-1.105	5.518918695260301
-1.1	5.5039191089279065
-1.095	5.488919537476769
-1.09	5.4739199814382316
-1.085	5.458920441362509
-1.08	5.443920917819357
-1.075	5.428921411398762
-1.07	5.4139219227116575
-1.065	5.398922452390665
-1.06	5.383923001090863
-1.055	5.368923569490576
-1.05	5.353924158292205
-1.045	5.338924768223071
-1.04	5.323925400036301
-1.035	5.308926054511738
-1.03	5.293926732456886
-1.025	5.278927434707891
-1.02	5.263928162130551
-1.015	5.248928915621359
-1.01	5.233929696108599
-1.005	5.218930504553461
-1.	5.2043716949652
-0.996666666667	5.194377669038894
-0.993333333333	5.184386578834767
-0.99	5.174394529138654
-0.986666666667	5.1644017229132455
-0.983333333333	5.154409866826944
-0.98	5.144417819840928
-0.976666666667	5.1344258964762535
-0.973333333333	5.124434228577611
-0.97	5.114442599503158
-0.966666666667	5.104450804291588
-0.963333333333	5.094409665434145
-0.96	5.084467917459007
-0.956666666667	5.074477323042408
-0.953333333333	5.064485835645519
-0.95	5.054494119249616
-0.946666666667	5.0445054512142775
-0.943333333333	5.034514543241719
-0.94	5.0245245081913374
-0.936666666667	5.01453731740003
-0.933333333333	5.004541816083613
-0.93	4.994560153160798
-0.926666666667	4.984564929723288
-0.923333333333	4.974575393430774
-0.92	4.964583857819037
-0.916666666667	4.954596324362507
-0.913333333333	4.944607751640519
-0.91	4.934618957869965
-0.906666666667	4.924632640871438
-0.903333333333	4.914643158306269
-0.9	4.904654406754883
-0.896666666667	4.89466605390893
-0.893333333333	4.8846780061324
-0.89	4.874690264849185
-0.886666666667	4.864702737635009
-0.883333333333	4.854715445653302
-0.88	4.8447283732130835
-0.876666666667	4.834741518747868
-0.873333333333	4.824754877633769
-0.87	4.814768463990132
-0.866666666667	4.804776568904181
-0.863333333333	4.7947962948960114
-0.86	4.784810558969217
-0.856666666667	4.7748250456882015
-0.853333333333	4.764838671023271
-0.85	4.754854742157857
-0.846666666667	4.744870180197995
-0.843333333333	4.734885684564224
-0.84	4.724901150078845
-0.836666666667	4.714917105184514
-0.833333333333	4.704933220135734
-0.83	4.694949625408395
-0.826666666667	4.684966959933595
-0.823333333333	4.6749841142340935
-0.82	4.665000022465474
-0.816666666667	4.655018545411382
-0.813333333333	4.645036433977793
-0.81	4.635055084225998
-0.806666666667	4.625073094037679
-0.803333333333	4.6150918757634765
-0.8	4.605110965047798
-0.796666666667	4.595130078528781
-0.793333333333	4.585150087721109
-0.79	4.575170131828975
-0.786666666667	4.565191083720453
-0.783333333333	4.555210898325228
-0.78	4.545232033261281
-0.776666666667	4.535253808971488
-0.773333333333	4.525275472019184
-0.77	4.5152952655795024
-0.766666666667	4.505319793663374
-0.763333333333	4.495342494016859
-0.76	4.485366008130963
-0.756666666667	4.475389782538906
-0.753333333333	4.465413722438651
-0.75	4.4554391643003415
-0.746666666667	4.445462730230893
-0.743333333333	4.435487897116778
-0.74	4.4255135585608
-0.736666666667	4.415539562541872
-0.733333333333	4.40556595022988
-0.73	4.395591041883019
-0.726666666667	4.385620251997467
-0.723333333333	4.37564798426337
-0.72	4.36567622555995
-0.716666666667	4.355704961967612
-0.713333333333	4.345734125001555
-0.71	4.335763765845663
-0.706666666667	4.325793910183575
-0.703333333333	4.315824536033494
-0.7	4.305855644545397
-0.696666666667	4.29588724333187
-0.693333333333	4.285919327037345
-0.69	4.275951882925445
-0.686666666667	4.265984889701091
-0.683333333333	4.25601831060675
-0.68	4.246052087623054
-0.676666666667	4.236086127331761
-0.673333333333	4.226120274352893
-0.67	4.216160128404978
-0.666666666667	4.206196684447899
-0.663333333333	4.196234793220587
-0.66	4.186272763301621
-0.656666666667	4.176310344320503
-0.653333333333	4.166350636224
-0.65	4.156390548751333
-0.646666666667	4.146430888001081
-0.643333333333	4.136472267398767
-0.64	4.1265140145766
-0.636666666667	4.11655588413728
-0.633333333333	4.106600342522638
-0.63	4.096644390553416
-0.626666666667	4.086690017355733
-0.623333333333	4.076735200134476
-0.62	4.066781355110824
-0.616666666667	4.0568283863272425
-0.613333333333	4.046874889020012
-0.61	4.036924681209109
-0.606666666667	4.026974177165615
-0.603333333333	4.017024697763772
-0.6	4.007076024496875
-0.596666666667	3.9960589062264633
-0.593333333333	3.9871805965596945
-0.59	3.977234559591921
-0.586666666667	3.4584434779189164
-0.583333333333	3.9573450454068637
-0.58	3.9474054163596013
-0.576666666667	3.937461929601402
-0.573333333333	3.9275197188127584
-0.57	3.9175787246964475
-0.566666666667	3.90763882949922
-0.563333333333	3.897699995044188
-0.56	3.8877614516299697
-0.556666666667	3.877825041536646
-0.553333333333	3.8678896979039674
-0.55	3.857955433916444
-0.546666666667	3.8480222825643167
-0.543333333333	3.838090266850684
-0.54	3.828159398384057
-0.536666666667	3.818229694844023
-0.533333333333	3.8083011808999943
-0.53	3.7983738782361334
-0.526666666667	3.788447805390149
-0.523333333333	3.7785230056177452
-0.52	3.7685994349900067
-0.516666666667	3.7586772181976857
-0.513333333333	3.7487562765276676
-0.51	3.7388366542155174
-0.506666666667	3.7289184247389207
-0.503333333333	3.7190015832457832
-0.5	3.7090872048819916
-0.496666666667	3.6991707673683796
-0.493333333333	3.689259629666226
-0.49	3.6793485855298576
-0.486666666667	3.669439054353364
-0.483333333333	3.6595310625105
-0.48	3.649625401818675
-0.476666666667	3.639719959060195
-0.473333333333	3.62968844039809
-0.47	3.619914652373362
-0.466666666667	3.6100150058781386
-0.463333333333	3.60011707063207
-0.46	3.590220697808635
-0.456666666667	3.580325942712555
-0.453333333333	3.5704329650847835
-0.45	3.5605418869629593
-0.446666666667	3.5506527372294645
-0.443333333333	3.5407654939471884
-0.44	3.5308801508810252
-0.436666666667	3.520996743100106
-0.433333333333	3.5111153272723175
-0.43	3.5012359529764536
-0.426666666667	3.4913586538421355
-0.423333333333	3.4814834404282573
-0.42	3.471610375740962
-0.416666666667	3.4617394999280497
-0.413333333333	3.4518708434447385
-0.41	3.442004418811457
-0.406666666667	3.4321402950308793
-0.403333333333	3.4222785041260844
-0.4	3.4124190869703774
-0.396666666667	3.4025614212439446
-0.393333333333	3.3927075422942226
-0.39	3.38285550032203
-0.386666666667	3.3730060033894316
-0.383333333333	3.363159096133077
-0.38	3.3533148240098622
-0.376666666667	3.343473233260676
-0.373333333333	3.333634370925471
-0.37	3.3237988845736415
-0.366666666667	3.313965198424692
-0.363333333333	3.3041345307796637
-0.36	3.2943069793160844
-0.356666666667	3.2844825365977246
-0.353333333333	3.2746611667804717
-0.35	3.264842860203894
-0.346666666667	3.2550276499288353
-0.343333333333	3.245215600039563
-0.34	3.2354067851876818
-0.336666666667	3.2256012760982147
-0.333333333333	3.21579913543087
-0.33	3.206000420661109
-0.326666666667	3.1962051885940395
-0.323333333333	3.1864134981387835
-0.32	3.1766254108298115
-0.316666666667	3.1668409901635672
-0.313333333333	3.1570603008724927
-0.31	3.1472834086098116
-0.306666666667	3.1375095534369946
-0.303333333333	3.127563681762072
-0.3	3.117976185479677
-0.296666666667	3.1082151585482687
-0.293333333333	3.0984582731500705
-0.29	3.088705601818628
-0.286666666667	3.0789572183385823
-0.283333333333	3.0692131977663397
-0.28	3.0594736606703283
-0.276666666667	3.049397817292188
-0.273333333333	3.040008138060765
-0.27	3.0302823277352786
-0.266666666667	3.0205612780014146
-0.263333333333	3.010845074789138
-0.26	3.0011338019563665
-0.256666666667	2.9914275438749702
-0.253333333333	2.9817263866059016
-0.25	2.97203041820608
-0.246666666667	2.9623397286527373
-0.243333333333	2.9526544096760627
-0.24	2.942974554620056
-0.236666666667	2.9333002583537775
-0.233333333333	2.9236316172188284
-0.23	2.9139687289958833
-0.226666666667	2.9043116928821973
-0.223333333333	2.894660609482511
-0.22	2.8850155808245863
-0.216666666667	2.8753767104172048
-0.213333333333	2.865744103372534
-0.21	2.8561178666149236
-0.206666666667	2.846498109192157
-0.203333333333	2.8368849426903124
-0.2	2.8272784817279106
-0.196666666667	2.817678844469474
-0.193333333333	2.808086153057383
-0.19	2.7984993874151605
-0.186666666667	2.7889202738443317
-0.183333333333	2.7793492746283546
-0.18	2.7697878216556266
-0.176666666667	2.760231740295842
-0.173333333333	2.750683354384975
-0.17	2.7411427952141416
-0.166666666667	2.7316101962484205
-0.163333333333	2.722085693100972
-0.16	2.7125694235097595
-0.156666666667	2.703061527326482
-0.153333333333	2.693562146527718
-0.15	2.6840711645209625
-0.146666666667	2.674589317674941
-0.143333333333	2.6615213491400715
-0.14	2.6556525888826337
-0.136666666667	2.6461979529976216
-0.133333333333	2.6367522769258467
-0.13	2.6273162768548555
-0.126666666667	2.6178913992033093
-0.123333333333	2.608475429898473
-0.12	2.5990695214815625
-0.116666666667	2.5896738424187755
-0.113333333333	2.453146041199831
-0.11	2.5709138575082604
-0.106666666667	2.5615499001937447
-0.103333333333	2.5521968694854857
-0.1	2.5428549459896748
-0.0966666666667	2.5335243129400324
-0.0933333333333	2.5242051562162446
-0.09	2.5148976643513663
-0.0866666666667	2.5056020285367944
-0.0833333333333	2.496318442631202
-0.08	2.4870471031764034
-0.0766666666667	2.4777886150496804
-0.0733333333333	2.4685419900989554
-0.07	2.459308256289796
-0.0666666666667	2.4500876542277763
-0.0633333333333	2.4408804148702563
-0.06	2.4316875924751824
-0.0566666666667	2.4225077118715763
-0.0533333333333	2.41334174954395
-0.05	2.4041899272137033
-0.0466666666667	2.395052469483975
-0.0433333333333	2.385929603852671
-0.04	2.3768215607253707
-0.0366666666667	2.3677285734278306
-0.0333333333333	2.3586508782178135
-0.03	2.349588714296021
-0.0266666666667	2.3405423238160155
-0.0233333333333	2.3315119518931113
-0.02	2.322497846612243
-0.0166666666667	2.3135004579652336
-0.0133333333333	2.304519579903851
-0.01	2.295555732294002
-0.00666666666667	2.2866091810814346
-0.00333333333333	2.277680192945945
0	2.268644156848296
0.00333333333333	2.2598759772307995
0.00666666666667	2.251001288802495
0.01	2.2421452427591473
0.0133333333333	2.2333081144162583
0.0166666666667	2.2244901821701277
0.02	2.215691727771275
0.0233333333333	2.206913036475959
0.0266666666667	2.198154397088801
0.03	2.1894161019202154
0.0333333333333	2.1806984466868595
0.0366666666667	2.1720017303826613
0.04	2.163326255143754
0.0433333333333	2.1546723261244294
0.0466666666667	2.146040251394476
0.05	2.1374303418621823
0.0533333333333	2.128842911222383
0.0566666666667	2.1202782759257075
0.06	2.1117367551634487
0.0633333333333	2.1032186708620686
0.0666666666667	2.0947243476817934
0.07	2.0862541130155337
0.0733333333333	2.077808296983693
0.0766666666667	2.0693872324249405
0.08	2.060991254880975
0.0833333333333	2.0526207025759255
0.0866666666667	2.0442759163909505
0.09	2.0359572398349086
0.0933333333333	2.0276650190120193
0.0966666666667	2.0193996025873315
0.1	2.0111613417506526
0.103333333333	2.0029505901794042
0.106666666667	1.99476770400069
0.11	1.9866130417527206
0.113333333333	1.978486964345643
0.116666666667	1.970389835021743
0.12	1.9623220193149788
0.123333333333	1.954283885009777
0.126666666667	1.946275802099043
0.13	1.9382981427413546
0.133333333333	1.9303512812173187
0.136666666667	1.9224355938850983
0.14	1.9145514591351247
0.143333333333	1.906699257344018
0.146666666667	1.8988793708277507
0.15	1.8910921837940764
0.153333333333	1.8833380822942565
0.156666666667	1.8756173074276794
0.16	1.8679305442028866
0.163333333333	1.860278036961503
0.166666666667	1.8526601780188718
0.17	1.8450773614370801
0.173333333333	1.8375299829411957
0.176666666667	1.8300184398399453
0.18	1.8225431309504578
0.183333333333	1.8151044565265924
0.186666666667	1.807702818190351
0.19	1.800338618865872
0.193333333333	1.7930122627155503
0.196666666667	1.7857241550778815
0.2	1.7784747024066903
0.203333333333	1.7712643122114509
0.206666666667	1.7640933929984792
0.21	1.7569623542128077
0.213333333333	1.7498716061806032
0.216666666667	1.7428215600520174
0.22	1.7358126277443822
0.223333333333	1.7288452218856882
0.226666666667	1.7219197557582944
0.23	1.7150366432428286
0.233333333333	1.7081962987622459
0.236666666667	1.7013991372260246
0.24	1.6946455739744728
0.243333333333	1.6879360247231336
0.246666666667	1.6812709055072743
0.25	1.6746506326264436
0.253333333333	1.6680756225890963
0.256666666667	1.6615462920572661
0.26	1.6550630577912941
0.263333333333	1.6486263365945593
0.266666666667	1.6422365452582992
0.27	1.6358941005063843
0.273333333333	1.629599418940121
0.276666666667	1.6233529169830256
0.28	1.6171550108255575
0.283333333333	1.611006116369775
0.286666666667	1.6049066491738804
0.29	1.598857024396612
0.293333333333	1.5928576567414343
0.296666666667	1.5869089604004651
0.3	1.5810113489980804
0.303333333333	1.5751652355341195
0.306666666667	1.5693710323266143
0.31	1.563629150953953
0.313333333333	1.5579400021963812
0.316666666667	1.552303995976738
0.32	1.5467215413003177
0.323333333333	1.5411930461937344
0.326666666667	1.5357189176426629
0.33	1.5302995615283241
0.333333333333	1.5249353825625704
0.336666666667	1.51962678422142
0.34	1.5143741686768857
0.343333333333	1.5091779367269313
0.346666666667	1.5040384877233834
0.35	1.4989562194976205
0.353333333333	1.4939315282838517
0.356666666667	1.4889648086397942
0.36	1.4840564533645506
0.363333333333	1.4792068534134775
0.366666666667	1.4744163978098421
0.37	1.4696854735530451
0.373333333333	1.4650144655231954
0.376666666667	1.4604037563818095
0.38	1.4558537264684157
0.383333333333	1.4513647536928274
0.386666666667	1.4469372134228633
0.39	1.442571478367281
0.393333333333	1.4382679184536968
0.396666666667	1.4340269007012627
0.4	1.4298487890878804
0.403333333333	1.4257339444117272
0.406666666667	1.421682724146879
0.41	1.4176954822928387
0.413333333333	1.4137725692177288
0.416666666667	1.4099143314950116
0.42	1.4061211117335142
0.423333333333	1.4023932484006114
0.426666666667	1.398731075638408
0.43	1.39513492307278
0.433333333333	1.3916051156151616
0.436666666667	1.3881419732569629
0.44	1.3847458108565505
0.443333333333	1.381416937918719
0.446666666667	1.3781556583666235
0.45	1.3749622703061595
0.453333333333	1.3718370657828032
0.456666666667	1.3687803305309567
0.46	1.3657923437158688
0.463333333333	1.3628733776682347
0.466666666667	1.3600236976116105
0.47	1.3572435613828056
0.473333333333	1.3545332191454604
0.476666666667	1.3518929130970436
0.48	1.349322877169542
0.483333333333	1.346823336724151
0.486666666667	1.3443945082403195
0.49	1.3420365989995227
0.493333333333	1.339749806764193
0.496666666667	1.3375343194522693
0.5	1.3353903148078539
0.503333333333	1.3333179600685217
0.506666666667	1.3313174116298454
0.51	1.329388814707751
0.513333333333	1.3275323029993364
0.516666666667	1.3257479983428397
0.52	1.3240360103774567
0.523333333333	1.3223964362037506
0.526666666667	1.3208293600454228
0.53	1.319334852913231
0.533333333333	1.317912972271888
0.536666666667	1.3165637617107668
0.54	1.3152872506192794
0.543333333333	1.3140834538678061
0.546666666667	1.3129523714950642
0.55	1.3118939884028122
0.553333333333	1.3109082740588047
0.556666666667	1.3099951822088978
0.56	1.3091546505992238
0.563333333333	1.3083866007093345
0.566666666667	1.3076909374972183
0.57	1.3070675491570667
0.573333333333	1.3065163068906753
0.576666666667	1.3060370646933188
0.58	1.3056296591549372
0.583333333333	1.305293909277428
0.586666666667	1.3050296163088242
0.59	1.3048365635950825
0.593333333333	1.304714516450194
0.596666666667	1.304663222045263
0.6	1.3046824093171705
0.603333333333	1.3047717888973915
0.606666666667	1.3049310530614695
0.61	1.305159875699618
0.613333333333	1.3054579123088477
0.616666666667	1.3058248000069677
0.62	1.306260157568744
0.623333333333	1.3067635854844455
0.626666666667	1.3073346660409288
0.63	1.307972963425369
0.633333333333	1.3086780238516627
0.636666666667	1.309449375709466
0.64	1.310286529735781
0.643333333333	1.3111889792089122
0.646666666667	1.3121562001645726
0.65	1.3131876516338443
0.653333333333	1.3142827759026383
0.656666666667	1.3154409987922326
0.66	1.3166617299604195
0.663333333333	1.3179443632227195
0.666666666667	1.3192882768930778
0.67	1.3206928341433988
0.673333333333	1.322157383381227
0.676666666667	1.3236812586448317
0.68	1.3252637800149163
0.683333333333	1.3269042540421259
0.686666666667	1.3286019741894894
0.69	1.3303562212889068
0.693333333333	1.3321662640107497
0.696666666667	1.3340313593456277
0.7	1.3359507530973507
0.703333333333	1.3379236803860848
0.706666666667	1.3399493661607078
0.71	1.3420270257193352
0.713333333333	1.3441558652370005
0.716666666667	1.346335082299458
0.72	1.3485638664420811
0.723333333333	1.350841399692836
0.726666666667	1.3531668571183082
0.73	1.3555394073717835
0.733333333333	1.3579582132423909
0.736666666667	1.3604224322043286
0.74	1.3629312169652268
0.743333333333	1.3654837160127096
0.746666666667	1.368079074158252
0.75	1.3707164330774555
0.753333333333	1.3733949318458902
0.756666666667	1.3761137074696856
0.76	1.3788718954100905
0.763333333333	1.3816686301012469
0.766666666667	1.3845030454604705
0.77	1.3873742753903555
0.773333333333	1.3902814542720732
0.776666666667	1.3932237174492612
0.78	1.396200201701945
0.783333333333	1.3992100457099739
0.786666666667	1.4022523905054909
0.79	1.4053263799139997
0.793333333333	1.4084311609836246
0.796666666667	1.4115658844022123
0.8	1.4147297049019452
0.803333333333	1.4179217816511933
0.806666666667	1.421141278633356
0.81	1.4243873650124872
0.813333333333	1.427659215485537
0.816666666667	1.430956010621069
0.82	1.4342769371843576
0.823333333333	1.4376211884487926
0.826666666667	1.440987964493556
0.83	1.4443764724875654
0.833333333333	1.447785926959707
0.836666666667	1.4512155500554031
0.84	1.4546645717796012
0.843333333333	1.4581322302262738
0.846666666667	1.4616177717945635
0.85	1.4651204513917158
0.853333333333	1.4686395326229655
0.856666666667	1.4721742879685658
0.86	1.475723998948163
0.863333333333	1.4792879562727357
0.866666666667	1.4828654599843356
0.87	1.4864558195838755
0.873333333333	1.4900583541472285
0.876666666667	1.4936723924299051
0.88	1.4972972729605956
0.883333333333	1.5009323441238611
0.886666666667	1.504576964232273
0.89	1.5082305015883042
0.893333333333	1.511892334536278
0.896666666667	1.515561851504689
0.9	1.5192384510392076
0.903333333333	1.5229215418266902
0.906666666667	1.5266105427105074
0.91	1.5303048826975174
0.913333333333	1.53400400095699
0.916666666667	1.537707346811816
0.92	1.5414143797223017
0.923333333333	1.54512456926287
0.926666666667	1.5488373950919796
0.93	1.5525523469155618
0.933333333333	1.5562689244442862
0.936666666667	1.5599866373449478
0.94	1.563705005186271
0.943333333333	1.5674235573794195
0.946666666667	1.571141833113492
0.95	1.5748593812862854
0.953333333333	1.5785757604305903
0.956666666667	1.5822905386362875
0.96	1.5860032934685013
0.963333333333	1.589713611882062
0.966666666667	1.5934210901325194
0.97	1.597125333683948
0.973333333333	1.6008259571137708
0.976666666667	1.604522584014828
0.98	1.6082148468949031
0.983333333333	1.6119023870739195
0.986666666667	1.615584854579005
0.99	1.6192619080376227
0.993333333333	1.622933214568953
0.996666666667	1.6265984496737094
1.	1.6302572971225597