0.478730736482
4
-4.	14.174136788119634
-3.995	14.159136788119635
-3.99	14.144136788119635
-3.985	14.129136788119634
-3.98	14.114136788119634
-3.975	14.099136788119635
-3.97	14.084136788119634
-3.965	14.069136788119634
-3.96	14.054136788119635
-3.955	14.039136788119635
-3.95	14.024136788119634
-3.945	14.009136788119635
-3.94	13.994136788119635
-3.935	13.979136788119634
-3.93	13.964136788119635
-3.925	13.949136788119635
-3.92	13.934136788119634
-3.915	13.919136788119635
-3.91	13.904136788119635
-3.905	13.889136788119634
-3.9	13.874136788119635
-3.895	13.859136788119635
-3.89	13.844136788119634
-3.885	13.829136788119635
-3.88	13.814136788119635
-3.875	13.799136788119634
-3.87	13.784136788119635
-3.865	13.769136788119635
-3.86	13.754136788119634
-3.855	13.739136788119634
-3.85	13.724136788119635
-3.845	13.709136788119634
-3.84	13.694136788119634
-3.835	13.679136788119635
-3.83	13.664136788119635
-3.825	13.649136788119634
-3.82	13.634136788119635
-3.815	13.619136788119635
-3.81	13.604136788119634
-3.805	13.589136788119635
-3.8	13.574136788119635
-3.795	13.559136788119634
-3.79	13.544136788119635
-3.785	13.529136788119635
-3.78	13.514136788119634
-3.775	13.499136788119635
-3.77	13.484136788119635
-3.765	13.469136788119634
-3.76	13.454136788119635
-3.755	13.439136788119635
-3.75	13.424136788119634
-3.745	13.409136788119635
-3.74	13.394136788119635
-3.735	13.379136788119634
-3.73	13.364136788119636
-3.725	13.349136788119635
-3.72	13.334136788119634
-3.715	13.319136788119634
-3.71	13.304136788119635
-3.705	13.289136788119635
-3.7	13.274136788119634
-3.695	13.259136788119635
-3.69	13.244136788119635
-3.685	13.229136788119634
-3.68	13.214136788119635
-3.675	13.199136788119635
-3.67	13.184136788119634
-3.665	13.169136788119635
-3.66	13.154136788119635
-3.655	13.139136788119634
-3.65	13.124136788119635
-3.645	13.109136788119635
-3.64	13.094136788119634
-3.635	13.079136788119635
-3.63	13.064136788119635
-3.625	13.049136788119634
-3.62	13.034136788119635
-3.615	13.019136788119635
-3.61	13.004136788119634
-3.605	12.989136788119636
-3.6	12.974136788119635
-3.595	12.959136788119634
-3.59	12.944136788119634
-3.585	12.929136788119635
-3.58	12.914136788119635
-3.575	12.899136788119634
-3.57	12.884136788119635
-3.565	12.869136788119635
-3.56	12.854136788119634
-3.555	12.839136788119635
-3.55	12.824136788119635
-3.545	12.809136788119634
-3.54	12.794136788119635
-3.535	12.779136788119635
-3.53	12.764136788119634
-3.525	12.749136788119635
-3.52	12.734136788119635
-3.515	12.719136788119634
-3.51	12.704136788119635
-3.505	12.689136788119635
-3.5	12.674136788119634
-3.495	12.659136788119635
-3.49	12.644136788119635
-3.485	12.629136788119634
-3.48	12.614136788119634
-3.475	12.599136788119635
-3.47	12.584136788119634
-3.465	12.569136788119636
-3.46	12.554136788119635
-3.455	12.539136788119635
-3.45	12.524136788119634
-3.445	12.509136788119635
-3.44	12.494136788119635
-3.435	12.479136788119634
-3.43	12.464136788119635
-3.425	12.449136788119635
-3.42	12.434136788119634
-3.415	12.419136788119635
-3.41	12.404136788119635
-3.405	12.389136788119634
-3.4	12.374136788119635
-3.395	12.359136788119635
-3.39	12.344136788119634
-3.385	12.329136788119635
-3.38	12.314136788119635
-3.375	12.299136788119634
-3.37	12.284136788119635
-3.365	12.269136788119635
-3.36	12.254136788119634
-3.355	12.239136788119636
-3.35	12.224136788119635
-3.345	12.209136788119634
-3.34	12.194136788119636
-3.335	12.179136788119635
-3.33	12.164136788119635
-3.325	12.149136788119634
-3.32	12.134136788119635
-3.315	12.119136788119635
-3.31	12.104136788119634
-3.305	12.089136788119635
-3.3	12.074136788119635
-3.295	12.059136788119634
-3.29	12.044136788119635
-3.285	12.029136788119635
-3.28	12.014136788119634
-3.275	11.999136788119635
-3.27	11.984136788119635
-3.265	11.969136788119634
-3.26	11.954136788119635
-3.255	11.939136788119635
-3.25	11.924136788119634
-3.245	11.909136788119635
-3.24	11.894136788119635
-3.235	11.879136788119634
-3.23	11.864136788119636
-3.225	11.849136788119635
-3.22	11.834136788119634
-3.215	11.819136788119634
-3.21	11.804136788119635
-3.205	11.789136788119635
-3.2	11.774136788119634
-3.195	11.759136788119635
-3.19	11.744136788119635
-3.185	11.729136788119634
-3.18	11.714136788119635
-3.175	11.699136788119635
-3.17	11.684136788119634
-3.165	11.669136788119635
-3.16	11.654136788119635
-3.155	11.639136788119634
-3.15	11.624136788119635
-3.145	11.609136788119635
-3.14	11.594136788119634
-3.135	11.579136788119635
-3.13	11.564136788119635
-3.125	11.549136788119634
-3.12	11.534136788119635
-3.115	11.519136788119635
-3.11	11.504136788119634
-3.105	11.489136788119636
-3.1	11.474136788119635
-3.095	11.459136788119634
-3.09	11.444136788119636
-3.085	11.429136788119635
-3.08	11.414136788119635
-3.075	11.399136788119634
-3.07	11.384136788119635
-3.065	11.369136788119635
-3.06	11.354136788119634
-3.055	11.339136788119635
-3.05	11.324136788119635
-3.045	11.309136788119634
-3.04	11.294136788119635
-3.035	11.279136788119635
-3.03	11.264136788119634
-3.025	11.249136788119635
-3.02	11.234136788119635
-3.015	11.219136788119634
-3.01	11.204136788119635
-3.005	11.189136788119635
-3.	11.174136788119634
-2.995	11.159136788119635
-2.99	11.144136788119635
-2.985	11.129136788119634
-2.98	11.114136788119634
-2.975	11.099136788119635
-2.97	11.084136788119634
-2.965	11.069136788119634
-2.96	11.054136788119635
-2.955	11.039136788119635
-2.95	11.024136788119634
-2.945	11.009136788119635
-2.94	10.994136788119635
-2.935	10.979136788119634
-2.93	10.964136788119635
-2.925	10.949136788119635
-2.92	10.934136788119634
-2.915	10.919136788119635
-2.91	10.904136788119635
-2.905	10.889136788119634
-2.9	10.874136788119635
-2.895	10.859136788119635
-2.89	10.844136788119634
-2.885	10.829136788119635
-2.88	10.814136788119635
-2.875	10.799136788119634
-2.87	10.784136788119635
-2.865	10.769136788119635
-2.86	10.754136788119634
-2.855	10.739136788119634
-2.85	10.724136788119635
-2.845	10.709136788119634
-2.84	10.694136788119634
-2.835	10.679136788119635
-2.83	10.664136788119635
-2.825	10.649136788119634
-2.82	10.634136788119635
-2.815	10.619136788119635
-2.81	10.604136788119634
-2.805	10.589136788119635
-2.8	10.574136788119635
-2.795	10.559136788119634
-2.79	10.544136788119635
-2.785	10.529136788119635
-2.78	10.514136788119634
-2.775	10.499136788119635
-2.77	10.484136788119635
-2.765	10.469136788119634
-2.76	10.454136788119635
-2.755	10.439136788119635
-2.75	10.424136788119634
-2.745	10.409136788119635
-2.74	10.394136788119635
-2.735	10.379136788119634
-2.73	10.364136788119636
-2.725	10.349136788119635
-2.72	10.334136788119634
-2.715	10.319136788119636
-2.71	10.304136788119635
-2.705	10.289136788119635
-2.7	10.274136788119634
-2.695	10.259136788119635
-2.69	10.244136788119635
-2.685	10.229136788119634
-2.68	10.214136788119635
-2.675	10.199136788119635
-2.67	10.184136788119634
-2.665	10.169136788119635
-2.66	10.154136788119635
-2.655	10.139136788119634
-2.65	10.124136788119635
-2.645	10.109136788119635
-2.64	10.094136788119634
-2.635	10.079136788119635
-2.63	10.064136788119635
-2.625	10.049136788119634
-2.62	10.034136788119635
-2.615	10.019136788119635
-2.61	10.004136788119634
-2.605	9.989136788119636
-2.6	9.974136788119635
-2.595	9.959136788119634
-2.59	9.944136788119634
-2.585	9.929136788119635
-2.58	9.914136788119635
-2.575	9.899136788119634
-2.57	9.884136788119635
-2.565	9.869136788119635
-2.56	9.854136788119634
-2.555	9.839136788119635
-2.55	9.824136788119635
-2.545	9.809136788119634
-2.54	9.794136788119635
-2.535	9.779136788119635
-2.53	9.764136788119634
-2.525	9.749136788119635
-2.52	9.734136788119635
-2.515	9.719136788119634
-2.51	9.704136788119635
-2.505	9.689136788119635
-2.5	9.674136788119634
-2.495	9.659136788119635
-2.49	9.644136788119635
-2.485	9.629136788119634
-2.48	9.614136788119636
-2.475	9.599136788119635
-2.47	9.584136788119634
-2.465	9.569136788119636
-2.46	9.554136788119635
-2.455	9.539136788119635
-2.45	9.524136788119634
-2.445	9.509136788119635
-2.44	9.494136788119635
-2.435	9.479136788119634
-2.43	9.464136788119635
-2.425	9.449136788119635
-2.42	9.434136788119634
-2.415	9.419136788119635
-2.41	9.404136788119635
-2.405	9.389136788119634
-2.4	9.374136788119635
-2.395	9.359136788119635
-2.39	9.344136788119634
-2.385	9.329136788119635
-2.38	9.314136788119635
-2.375	9.299136788119634
-2.37	9.284136788119635
-2.365	9.269136788119635
-2.36	9.254136788119634
-2.355	9.239136788119636
-2.35	9.224136788119635
-2.345	9.209136788119634
-2.34	9.194136788119636
-2.335	9.179136788119635
-2.33	9.164136788119635
-2.325	9.149136788119634
-2.32	9.134136788119635
-2.315	9.119136788119635
-2.31	9.104136788119634
-2.305	9.089136788119635
-2.3	9.074136788119635
-2.295	9.059136788119634
-2.29	9.044136788119635
-2.285	9.029136788119635
-2.28	9.014136788119634
-2.275	8.999136788119635
-2.27	8.984136788119635
-2.265	8.969136788119634
-2.26	8.954136788119635
-2.255	8.939136788119635
-2.25	8.924136788119634
-2.245	8.909136788119635
-2.24	8.894136788119635
-2.235	8.879136788119634
-2.23	8.864136788119634
-2.225	8.849136788119635
-2.22	8.834136788119634
-2.215	8.819136788119634
-2.21	8.804136788119635
-2.205	8.789136788119635
-2.2	8.774136788119634
-2.195	8.759136788119635
-2.19	8.744136788119635
-2.185	8.729136788119634
-2.18	8.714136788119635
-2.175	8.699136788119635
-2.17	8.684136788119634
-2.165	8.669136788119635
-2.16	8.654136788119635
-2.155	8.639136788119634
-2.15	8.624136788119635
-2.145	8.609136788119635
-2.14	8.594136788119634
-2.135	8.579136788119635
-2.13	8.564136788119635
-2.125	8.549136788119634
-2.12	8.534136788119635
-2.115	8.519136788119635
-2.11	8.504136788119634
-2.105	8.489136788119636
-2.1	8.474136788119635
-2.095	8.459136788119634
-2.09	8.444136788119634
-2.085	8.429136788119635
-2.08	8.414136788119635
-2.075	8.399136788119634
-2.07	8.384136788119635
-2.065	8.369136788119635
-2.06	8.354136788119634
-2.055	8.339136788119635
-2.05	8.324136788119635
-2.045	8.309136788119634
-2.04	8.294136788119635
-2.035	8.279136788119635
-2.03	8.264136788119634
-2.025	8.249136788119635
-2.02	8.234136788119635
-2.015	8.219136788119634
-2.01	8.204136788119635
-2.005	8.189136788119635
-2.	8.174136788119634
-1.995	8.159136788119635
-1.99	8.144136788119635
-1.985	8.129136788119634
-1.98	8.114136788119634
-1.975	8.099136788119635
-1.97	8.084136788119634
-1.965	8.069136788119636
-1.96	8.054136788119635
-1.955	8.039136788119635
-1.95	8.024136788119634
-1.945	8.009136788119635
-1.94	7.994136788119635
-1.935	7.979136788119635
-1.93	7.964136788119635
-1.925	7.949136788119635
-1.92	7.934136788119635
-1.915	7.919136788119635
-1.91	7.904136788119635
-1.905	7.889136788119635
-1.9	7.874136788119635
-1.895	7.859136788119636
-1.89	7.844136788119636
-1.885	7.829136788119636
-1.88	7.814136788119637
-1.875	7.799136788119637
-1.87	7.784136788119637
-1.865	7.769136788119638
-1.86	7.754136788119639
-1.855	7.739136788119639
-1.85	7.72413678811964
-1.845	7.709136788119642
-1.84	7.694136788119644
-1.835	7.679136788119646
-1.83	7.664136788119649
-1.825	7.649136788119652
-1.82	7.6341367881196565
-1.815	7.619136788119661
-1.81	7.604136788119667
-1.805	7.589136788119674
-1.8	7.5741367881196835
-1.795	7.5591367881196945
-1.79	7.544136788119707
-1.785	7.529136788119723
-1.78	7.514136788119742
-1.775	7.499136788119764
-1.77	7.484136788119792
-1.765	7.469136788119824
-1.76	7.454136788119864
-1.755	7.43913678811991
-1.75	7.424136788119966
-1.745	7.409136788120032
-1.74	7.39413678812011
-1.735	7.379136788120203
-1.73	7.364136788120313
-1.725	7.349136788120443
-1.72	7.334136788120596
-1.715	7.319136788120778
-1.71	7.30413678812099
-1.705	7.289136788121239
-1.7	7.274136788121533
-1.695	7.259136788121875
-1.69	7.244136788122276
-1.685	7.2291367881227435
-1.68	7.214136788123289
-1.675	7.199136788123924
-1.67	7.184136788124661
-1.665	7.169136788125517
-1.66	7.154136788126508
-1.655	7.139136788127657
-1.65	7.124136788128983
-1.645	7.109136788130516
-1.64	7.094136788132281
-1.635	7.079136788134314
-1.63	7.0641367881366515
-1.625	7.049136788139335
-1.62	7.034136788142413
-1.615	7.019136788145938
-1.61	7.004136788149971
-1.605	6.989136788154579
-1.6	6.974136788159838
-1.595	6.959136788165833
-1.59	6.944136788172657
-1.585	6.9291367881804184
-1.58	6.914136788189235
-1.575	6.899136788199237
-1.57	6.884136788210573
-1.565	6.869136788223407
-1.56	6.854136788237919
-1.555	6.839136788254312
-1.55	6.824136788272811
-1.545	6.809136788293662
-1.54	6.794136788317141
-1.535	6.7791367883435525
-1.53	6.764136788373232
-1.525	6.749136788406549
-1.52	6.734136788443914
-1.515	6.719136788485776
-1.51	6.704136788532631
-1.505	6.689136788585026
-1.5	6.674136788643558
-1.495	6.659136788708885
-1.49	6.64413678878173
-1.485	6.6291367888628825
-1.48	6.614136788953208
-1.475	6.599136789053654
-1.47	6.584136789165256
-1.465	6.569136789289145
-1.46	6.554136789426553
-1.455	6.53913678957883
-1.45	6.52413678974744
-1.445	6.509136789933981
-1.44	6.494136790140189
-1.435	6.479136790367955
-1.43	6.464136790619329
-1.425	6.4491367908965405
-1.42	6.434136791202004
-1.415	6.4191367915383415
-1.41	6.40413679190839
-1.405	6.389136792315222
-1.4	6.37413679276216
-1.395	6.359136793252797
-1.39	6.344136793791015
-1.385	6.3291367943810055
-1.38	6.314136795027289
-1.375	6.299136795734742
-1.37	6.284136796508619
-1.365	6.269136797354578
-1.36	6.25413679827871
-1.355	6.239136799287566
-1.35	6.224136800388189
-1.345	6.209136801588147
-1.34	6.194136802895564
-1.335	6.17913680431916
-1.33	6.164136805868291
-1.325	6.149136807552984
-1.32	6.134136809383981
-1.315	6.1191368113727895
-1.31	6.104136813531725
-1.305	6.089136815873959
-1.3	6.074136818413582
-1.295	6.059136821165647
-1.29	6.044136824146236
-1.285	6.029136827372519
-1.28	6.01413683086282
-1.275	5.999136834636685
-1.27	5.984136838714954
-1.265	5.969136843119835
-1.26	5.954136847874987
-1.255	5.939136853005601
-1.25	5.924136858538487
-1.245	5.909136864502168
-1.24	5.894136870926977
-1.235	5.8791368778451565
-1.23	5.864136885290965
-1.225	5.849136893300794
-1.22	5.834136901913275
-1.215	5.819136911169412
-1.21	5.804136921112706
-1.205	5.789136931789289
-1.2	5.7741369432480685
-1.195	5.759136955540873
-1.19	5.744136968722607
-1.185	5.729136982851415
-1.18	5.714136997988851
-1.175	5.699137014200055
-1.17	5.68413703155394
-1.165	5.669137050123386
-1.16	5.654137069985448
-1.155	5.63913709122156
-1.15	5.624137113917767
-1.145	5.609137138164949
-1.14	5.594137164059076
-1.135	5.579137191701446
-1.13	5.564137221198966
-1.125	5.549137252664423
-1.12	5.53413728621677
-1.115	5.519137321981434
-1.11	5.504137360090632
-1.105	5.4891374006837
-1.1	5.474137443907432
-1.095	5.4591374899164515
-1.09	5.444137538873574
-1.085	5.429137590950206
-1.08	5.414137646326751
-1.075	5.399137705193037
-1.07	5.384137767748758
-1.065	5.369137834203941
-1.06	5.354137904779427
-1.055	5.339137979707374
-1.05	5.324138059231786
-1.045	5.309138143609056
-1.04	5.2941382331085425
-1.035	5.279138328013158
-1.03	5.264138428619991
-1.025	5.249138535240958
-1.02	5.234138648203467
-1.015	5.219138767851122
-1.01	5.204138894544459
-1.005	5.189139028661698
-1.	5.1746004859828085
-0.996666666667	5.164607122072439
-0.993333333333	5.15461474207372
-0.99	5.144622156097171
-0.986666666667	5.1346296805135365
-0.983333333333	5.124637442645331
-0.98	5.114645253501303
-0.976666666667	5.104652851937507
-0.973333333333	5.09461857696593
-0.97	5.084668783011074
-0.966666666667	5.074677520553273
-0.963333333333	5.064685460134991
-0.96	5.054692792099635
-0.956666666667	5.0447037251386035
-0.953333333333	5.0347121331193065
-0.95	5.024721401655571
-0.946666666667	5.014733798737935
-0.943333333333	5.004737282973428
-0.94	4.994755597565584
-0.936666666667	4.984758913313461
-0.933333333333	4.974768616430662
-0.93	4.964776473736943
-0.926666666667	4.954787951952686
-0.923333333333	4.944798579031738
-0.92	4.934808957570744
-0.916666666667	4.924745413187076
-0.913333333333	4.914831467764527
-0.91	4.904841823909409
-0.906666666667	4.894852571589782
-0.903333333333	4.884863602757502
-0.9	4.874874925596499
-0.896666666667	4.864886443576637
-0.893333333333	4.854898177791303
-0.89	4.8449101123364
-0.886666666667	4.8349222450655756
-0.883333333333	4.824934570984233
-0.88	4.814947103403081
-0.876666666667	4.804954608960839
-0.873333333333	4.794972763561352
-0.87	4.784985910088051
-0.866666666667	4.7749992564946515
-0.863333333333	4.765011798253751
-0.86	4.7550266045421745
-0.856666666667	4.745040815402818
-0.853333333333	4.735055112035222
-0.85	4.725069314551843
-0.846666666667	4.714909478028433
-0.843333333333	4.705098797049532
-0.84	4.695113859873267
-0.836666666667	4.685129822048459
-0.833333333333	4.67514562562175
-0.83	4.665160131167989
-0.826666666667	4.655177183527807
-0.823333333333	4.645193602694252
-0.82	4.635210819786513
-0.816666666667	4.625227237347111
-0.813333333333	4.615244461987912
-0.81	4.605261963874387
-0.806666666667	4.595279511026169
-0.803333333333	4.5852978186012265
-0.8	4.5753161810225995
-0.796666666667	4.565335437429646
-0.793333333333	4.479977154554809
-0.79	4.545372828442937
-0.786666666667	4.5353927965537935
-0.783333333333	4.525412616663267
-0.78	4.515430663199554
-0.776666666667	4.505453127989234
-0.773333333333	4.495473868295593
-0.77	4.485495383585133
-0.766666666667	4.4755171214842235
-0.763333333333	4.465538989955864
-0.76	4.455562402827502
-0.756666666667	4.445583729538732
-0.753333333333	4.4356066987916
-0.75	4.42563012291784
-0.746666666667	4.415653850094747
-0.743333333333	4.405677913400516
-0.74	4.395701250916903
-0.736666666667	4.3857274364432675
-0.733333333333	4.37575271156519
-0.73	4.3657784470100305
-0.726666666667	4.3558046327088675
-0.723333333333	4.345831197104701
-0.72	4.3358581890107395
-0.716666666667	4.325885635044634
-0.713333333333	4.315913512383022
-0.71	4.305941820690592
-0.706666666667	4.295970566899731
-0.703333333333	4.2859997449809795
-0.7	4.27602934139145
-0.696666666667	4.266059334149123
-0.693333333333	4.256089685929745
-0.69	4.246120338291219
-0.686666666667	4.236151197861853
-0.683333333333	4.226182109907602
-0.68	4.216218621910449
-0.676666666667	4.206251809158309
-0.673333333333	4.196286481197315
-0.67	4.186320955908129
-0.666666666667	4.176355096507994
-0.663333333333	4.1663916425363094
-0.66	4.156427862093084
-0.656666666667	4.146464434876487
-0.653333333333	4.136501990355532
-0.65	4.126539892475824
-0.646666666667	4.116577750322118
-0.643333333333	4.106618146619432
-0.64	4.034998993446684
-0.636666666667	4.0866995174108105
-0.633333333333	4.076740423826801
-0.63	4.066782224737742
-0.626666666667	4.056824826510742
-0.623333333333	4.046867134549047
-0.62	4.0369120202816315
-0.616666666667	4.026956835630043
-0.613333333333	4.017002593267567
-0.61	4.007049077342737
-0.606666666667	3.9970959136870183
-0.603333333333	3.9871436932455473
-0.6	3.977192538681194
-0.596666666667	3.967242066881878
-0.593333333333	3.957292516053543
-0.59	3.947347519780204
-0.586666666667	3.9373985316911755
-0.583333333333	3.927450720936784
-0.58	3.917504029592855
-0.576666666667	3.907558337597493
-0.573333333333	3.8976136026302757
-0.57	3.887669046667546
-0.566666666667	3.877726524220234
-0.563333333333	3.8677849595445872
-0.56	3.857844363307971
-0.556666666667	3.8479047665757604
-0.553333333333	3.837966190876982
-0.55	3.8280286459654
-0.546666666667	3.8180921473515523
-0.543333333333	3.8081567177112445
-0.54	3.798222376861845
-0.536666666667	3.788289141321707
-0.533333333333	3.7783572930935976
-0.53	3.7684260635360176
-0.526666666667	3.7584962981122865
-0.523333333333	3.748567674546724
-0.52	3.6321926456396274
-0.516666666667	3.728714051229774
-0.513333333333	3.718789115742191
-0.51	3.708866570285066
-0.506666666667	3.6989417216243505
-0.503333333333	3.689022019408839
-0.5	3.679102299591385
-0.496666666667	3.669183941343819
-0.493333333333	3.659266968582293
-0.49	3.649351405632342
-0.486666666667	3.639437446387959
-0.483333333333	3.629401528021525
-0.48	3.619613042388043
-0.476666666667	3.6097036043534447
-0.473333333333	3.599795714447291
-0.47	3.5898892163890523
-0.466666666667	3.5799841586853485
-0.463333333333	3.5700806978054973
-0.46	3.5601789550219824
-0.456666666667	3.550278958282826
-0.453333333333	3.540380683024726
-0.45	3.530484119148213
-0.446666666667	3.5205892978894022
-0.443333333333	3.5106962727844806
-0.44	3.5008050907199415
-0.436666666667	3.4909157825058195
-0.433333333333	3.48102835576623
-0.43	3.471142869240048
-0.426666666667	3.4612593605298603
-0.423333333333	3.4513778569530627
-0.42	3.4414983676474873
-0.416666666667	3.4316209577215533
-0.413333333333	3.421745656037587
-0.41	3.4118724999640158
-0.406666666667	3.4020009670158426
-0.403333333333	3.39212900121374
-0.4	3.3822662921654465
-0.396666666667	3.3724021079596076
-0.393333333333	3.362540267146632
-0.39	3.3526808114087605
-0.386666666667	3.342823783163681
-0.383333333333	3.3329692255783114
-0.38	3.3231171825998427
-0.376666666667	3.3132678825728843
-0.373333333333	3.3034207176840167
-0.37	3.2935763960247493
-0.366666666667	3.2837349074843387
-0.363333333333	3.2738962117780943
-0.36	3.264060293968572
-0.356666666667	3.254227181882848
-0.353333333333	3.244396934829471
-0.35	3.234569623097922
-0.346666666667	3.2247453132047292
-0.343333333333	3.2149240635232963
-0.34	3.205105927071536
-0.336666666667	3.195290956048009
-0.333333333333	3.1854792046682685
-0.33	3.175670729730213
-0.326666666667	3.1658655899617982
-0.323333333333	3.156063845286465
-0.32	3.1462655564968953
-0.316666666667	3.1364700028920414
-0.313333333333	3.1265090480444098
-0.31	3.1168920474736908
-0.306666666667	3.1071082097097675
-0.303333333333	3.0973281471940446
-0.3	3.0875519272686307
-0.296666666667	3.077779618472726
-0.293333333333	3.0680112905633465
-0.29	3.058247057794122
-0.286666666667	3.048150271569449
-0.283333333333	3.038730963493374
-0.28	3.028979263643231
-0.276666666667	3.0192319149351694
-0.273333333333	3.0094889978149975
-0.27	2.9997505905135617
-0.266666666667	2.9900167716789197
-0.263333333333	2.9802876215827565
-0.26	2.9705632224428062
-0.256666666667	2.960843658352263
-0.253333333333	2.951129015112617
-0.25	2.9414193800934045
-0.246666666667	2.9317148421426498
-0.243333333333	2.922015491534104
-0.24	2.912321419933977
-0.236666666667	2.902632720378764
-0.233333333333	2.892949487266408
-0.23	2.8832718163718978
-0.226666666667	2.8735998049051066
-0.223333333333	2.863933551632845
-0.22	2.8542731570873925
-0.216666666667	2.844618723877888
-0.213333333333	2.8349703571062594
-0.21	2.82532816486404
-0.206666666667	2.8156922587508406
-0.203333333333	2.806062754313835
-0.2	2.7964386421390817
-0.196666666667	2.7868215902442217
-0.193333333333	2.7772120976952634
-0.19	2.7676116002797237
-0.186666666667	2.758015886435774
-0.183333333333	2.7484272840076778
-0.18	2.738845917524739
-0.176666666667	2.7292719136720835
-0.173333333333	2.7197054012667436
-0.17	2.710146511236238
-0.166666666667	2.7005953766092627
-0.163333333333	2.6910521325286005
-0.16	2.6815166520539346
-0.156666666667	2.671989672608973
-0.153333333333	2.6588740411780027
-0.15	2.6529607350175075
-0.146666666667	2.6434590193461833
-0.143333333333	2.6339655833171363
-0.14	2.62448115032888
-0.136666666667	2.6150071627071667
-0.133333333333	2.605541398703167
-0.13	2.596085002417262
-0.126666666667	2.586638135569879
-0.123333333333	2.5772009621415157
-0.12	2.567773648483049
-0.116666666667	2.558356363421284
-0.113333333333	2.548949278348719
-0.11	2.5395525672902797
-0.106666666667	2.5301664069458907
-0.103333333333	2.5207909767136036
-0.1	2.5114264587014943
-0.0966666666667	2.5020730377370244
-0.0933333333333	2.492730901380389
-0.09	2.483400239944918
-0.0866666666667	2.474081664736931
-0.0833333333333	2.4647741525133724
-0.08	2.455478741046303
-0.0766666666667	2.446195665630318
-0.0733333333333	2.436925151955539
-0.07	2.42766825649814
-0.0666666666667	2.4184234857314117
-0.0633333333333	2.409191815008354
-0.06	2.3999734606837397
-0.0566666666667	2.3907686421173344
-0.0533333333333	2.3815775816926896
-0.05	2.3724005048358836
-0.0466666666667	2.3632376400339536
-0.0433333333333	2.3540892188527116
-0.04	2.344955475953736
-0.0366666666667	2.335836649110403
-0.0333333333333	2.326732979222927
-0.03	2.3176447103324356
-0.0266666666667	2.308572292334791
-0.0233333333333	2.2995155072915634
-0.02	2.2904748758488704
-0.0166666666667	2.2814506607818292
-0.0133333333333	2.272443125779067
-0.01	2.263326287985932
-0.00666666666667	2.2544791562241757
-0.00333333333333	2.2455232557571785
0	2.2365851045509886
0.00333333333333	2.227664975906428
0.00666666666667	2.2187631464368263
0.01	2.209879896354346
0.0133333333333	2.201015509632863
0.0166666666667	2.192170274060089
0.02	2.1833444812026577
0.0233333333333	2.1745384263126404
0.0266666666667	2.165752408203418
0.03	2.1569867291186724
0.0333333333333	2.1482416946120035
0.0366666666667	2.139517613447855
0.04	2.1308147975282377
0.0433333333333	2.1221335618447603
0.0466666666667	2.113474224452128
0.05	2.104837106457493
0.0533333333333	2.0962225320195875
0.0566666666667	2.0876308283520846
0.06	2.0790623257267273
0.0633333333333	2.0705173574731233
0.0666666666667	2.0619962599733737
0.07	2.0534993726508506
0.0733333333333	2.0450270379532123
0.0766666666667	2.0365796013301796
0.08	2.0281574112076193
0.0833333333333	2.019760818957223
0.0866666666667	2.011390178864705
0.09	2.003045848095661
0.0933333333333	1.9947281866601378
0.0966666666667	1.9864375573761102
0.1	1.9781743258320088
0.103333333333	1.9699388603483377
0.106666666667	1.961731531938346
0.11	1.9535527142677023
0.113333333333	1.945402783613098
0.116666666667	1.9372821188197216
0.12	1.929191101257564
0.123333333333	1.9211301147765345
0.126666666667	1.9130995456603792
0.13	1.9050997825794234
0.133333333333	1.8971312165421448
0.136666666667	1.8891942408456202
0.14	1.8812892510248582
0.143333333333	1.8734166448010519
0.146666666667	1.865576822028766
0.15	1.8577700362645733
0.153333333333	1.849996991889915
0.156666666667	1.8422579439425406
0.16	1.834553299788639
0.163333333333	1.8268834687744464
0.166666666667	1.8192488621401564
0.17	1.8116498929375995
0.173333333333	1.8040869759512248
0.176666666667	1.7965605276218668
0.18	1.7890709659727997
0.183333333333	1.7816187105376213
0.186666666667	1.7742041822895598
0.19	1.7668278035718596
0.193333333333	1.759489998028966
0.196666666667	1.7521911905382792
0.2	1.7449318071423014
0.203333333333	1.7377122749810403
0.206666666667	1.730533022224565
0.21	1.7233944780056407
0.213333333333	1.716297072352387
0.216666666667	1.7092412361209184
0.22	1.7022274009279434
0.223333333333	1.695255999083302
0.226666666667	1.6883274635224315
0.23	1.6814422277387577
0.233333333333	1.6746007257160074
0.236666666667	1.66780339186045
0.24	1.6610506609330724
0.243333333333	1.6543429679816988
0.246666666667	1.6476807482730658
0.25	1.6410644372248675
0.253333333333	1.6344944703377806
0.256666666667	1.627971283127489
0.26	1.6190975717478193
0.263333333333	1.6150669894672511
0.266666666667	1.6086867535120584
0.27	1.6023550380873393
0.273333333333	1.5960722777646357
0.276666666667	1.5898389067230014
0.28	1.583655358681103
0.283333333333	1.577522066829334
0.286666666667	1.5714394637618725
0.29	1.5654079814086606
0.293333333333	1.5594280509672518
0.296666666667	1.553500102834489
0.3	1.5476245665379507
0.303333333333	1.5418018706670988
0.306666666667	1.5360324428040641
0.31	1.5303167094539831
0.313333333333	1.5246550959747993
0.316666666667	1.5190480265064394
0.32	1.5134959238992574
0.323333333333	1.5079992096416346
0.326666666667	1.502558303786622
0.33	1.497173624877494
0.333333333333	1.4918455898720844
0.336666666667	1.4865746140657523
0.34	1.4813611110128415
0.343333333333	1.4762054924464634
0.346666666667	1.4711081681964437
0.35	1.4660695461052584
0.353333333333	1.461090031941778
0.356666666667	1.456170029312632
0.36	1.4513099395710036
0.363333333333	1.4465101617226443
0.366666666667	1.441771092328916
0.37	1.4370931254066361
0.373333333333	1.4324766523245203
0.376666666667	1.4279220616959938
0.38	1.4234297392681563
0.383333333333	1.4190000678066699
0.386666666667	1.4146334269763454
0.39	1.4103301932171985
0.393333333333	1.4060907396157527
0.396666666667	1.4019154357713577
0.4	1.3978046476573087
0.403333333333	1.3937587374765437
0.406666666667	1.3897780635117054
0.41	1.3858629799693685
0.413333333333	1.382013836818226
0.416666666667	1.3782309796210521
0.42	1.3745147493602747
0.423333333333	1.3708654822569573
0.426666666667	1.3672835095830915
0.43	1.3637691574670279
0.433333333333	1.3603227466919436
0.436666666667	1.3569445924872479
0.44	1.3536350043128467
0.443333333333	1.3503942856362168
0.446666666667	1.3472227337022533
0.45	1.344120639295892
0.453333333333	1.3410882864975233
0.456666666667	1.3381259524312552
0.46	1.3352339070061006
0.463333333333	1.3324124126502044
0.466666666667	1.3296617240382569
0.47	1.326982087812269
0.473333333333	1.3243737422959234
0.476666666667	1.3218369172027575
0.48	1.3193718333384525
0.483333333333	1.3169787022975616
0.486666666667	1.3146577261550358
0.49	1.3124090971529432
0.493333333333	1.3102329973828184
0.496666666667	1.3081295984641237
0.5	1.3060990612193253
0.503333333333	1.3041415353461405
0.506666666667	1.302257159087541
0.51	1.300446058900133
0.513333333333	1.2987083491215743
0.516666666667	1.2970441316377135
0.52	1.2954534955501797
0.523333333333	1.2939365168451702
0.526666666667	1.2924932580642159
0.53	1.2911237679777348
0.533333333333	1.2898280812621972
0.536666666667	1.2886062181817597
0.54	1.28745818427522
0.543333333333	1.2863839700492055
0.546666666667	1.2853835506784546
0.55	1.284456885714119
0.553333333333	1.2836039188009858
0.556666666667	1.2828245774045288
0.56	1.2821187725486982
0.563333333333	1.2814863985653475
0.566666666667	1.2809273328561894
0.57	1.2804414356681584
0.573333333333	1.2800285498830373
0.576666666667	1.2796885008221872
0.58	1.2794210960671897
0.583333333333	1.2792261252971873
0.586666666667	1.2791033601436665
0.59	1.2790525540633992
0.593333333333	1.279073442230211
0.596666666667	1.2791657414462059
0.6	1.279329150073026
0.603333333333	1.2795633479836772
0.606666666667	1.2798679965353978
0.61	1.2802427385639927
0.613333333333	1.2806871983999923
0.616666666667	1.281200981906947
0.62	1.281783676542092
0.623333333333	1.2824348514395658
0.626666666667	1.283154057516293
0.63	1.2839408276005828
0.633333333333	1.2847946765834244
0.636666666667	1.2857151015923975
0.64	1.2867015821880454
0.643333333333	1.2877535805825024
0.646666666667	1.288870541880086
0.65	1.290051894339521
0.653333333333	1.2912970496573823
0.656666666667	1.2926054032722936
0.66	1.2939763346893525
0.663333333333	1.2954092078242085
0.666666666667	1.2969033713661466
0.67	1.2984581591594988
0.673333333333	1.3000728906026429
0.676666666667	1.301746871063808
0.68	1.3034793923128676
0.683333333333	1.305269732968251
0.686666666667	1.3071171589580863
0.69	1.3090209239946398
0.693333333333	1.310980270061101
0.696666666667	1.3129944279097325
0.7	1.3150626175703908
0.703333333333	1.3171840488683968
0.706666666667	1.3193579219507396
0.71	1.3215834278195726
0.713333333333	1.323859748871969
0.716666666667	1.326186059444894
0.72	1.3285615263643664
0.723333333333	1.330985309497774
0.726666666667	1.3334565623083283
0.73	1.3359744324106568
0.733333333333	1.3385380621265421
0.736666666667	1.3411465890398415
0.74	1.3437991465496406
0.743333333333	1.3464948644207244
0.746666666667	1.3492328693304685
0.75	1.3520122854112895
0.753333333333	1.3548322347878243
0.756666666667	1.357691838108037
0.76	1.3605902150674936
0.763333333333	1.3635264849260782
0.766666666667	1.3664997670164594
0.77	1.3695091812436577
0.773333333333	1.3725538485751054
0.776666666667	1.3756328915206253
0.78	1.3787454346017995
0.783333333333	1.3818906048102388
0.786666666667	1.3850675320543024
0.79	1.3882753495938607
0.793333333333	1.3915131944627324
0.796666666667	1.3947802078784677
0.8	1.39807553563919
0.803333333333	1.4013983285072413
0.806666666667	1.4047477425794233
0.81	1.4081229396436576
0.813333333333	1.4115230875219211
0.816666666667	1.4149473603993579
0.82	1.418394939139488
0.823333333333	1.4218650115854832
0.826666666667	1.42535677284749
0.83	1.4288694255760326
0.833333333333	1.4324021802215385
0.836666666667	1.435954255280061
0.84	1.43952487752531
0.843333333333	1.4431132822271062
0.846666666667	1.4467187133564114
0.85	1.4503404237771063
0.853333333333	1.4539776754246985
0.856666666667	1.4576297394721724
0.86	1.4612958964832017
0.863333333333	1.4649754365529626
0.866666666667	1.4686676594368018
0.87	1.4723718746670222
0.873333333333	1.4760874016580634
0.876666666667	1.47981356980036
0.88	1.4835497185431783
0.883333333333	1.4872951974667241
0.886666666667	1.4910493663438402
0.89	1.494811595191595
0.893333333333	1.4985812643130925
0.896666666667	1.5023577643298136
0.9	1.5061404962048195
0.903333333333	1.509928871257133
0.906666666667	1.5137223111676341
0.91	1.5175202479767813
0.913333333333	1.5213221240744914
0.916666666667	1.5251273921824948
0.92	1.5289355153294883
0.923333333333	1.5327459668193966
0.926666666667	1.5365582301930616
0.93	1.5403717991836632
0.933333333333	1.5441861776661756
0.936666666667	1.548000879601162
0.94	1.551815428973197
0.943333333333	1.555629359724207
0.946666666667	1.5594422156820098
0.95	1.5632535504843292
0.953333333333	1.5670629274985541
0.956666666667	1.5708699197375047
0.96	1.5746741097714603
0.963333333333	1.578475089636701
0.966666666667	1.582272460740799
0.97	1.5860658337649005
0.973333333333	1.589854828563221
0.976666666667	1.5936390740599744
0.98	1.5974182081439519
0.983333333333	1.6011918775609522
0.986666666667	1.6049597378042628
0.99	1.6087214530033835
0.993333333333	1.6124766958111758
0.996666666667	1.6162251472896136
1.	1.6199664967943073