0.2393653682408596
4
-4.	14.197162347797383
-3.99	14.167272902553147
-3.98	14.13724633414916
-3.97	14.107162347797384
-3.96	14.07709160287229
-3.95	14.047085485640435
-3.94	14.017162347797383
-3.93	13.98709160287229
-3.92	13.957085485640434
-3.91	13.927162347797383
-3.9	13.897091602872289
-3.89	13.867085485640434
-3.88	13.837162347797383
-3.87	13.80709160287229
-3.86	13.777085485640434
-3.85	13.747162347797383
-3.84	13.717091602872289
-3.83	13.687085485640434
-3.82	13.657162347797382
-3.81	13.627091602872289
-3.8	13.597085485640434
-3.79	13.567162347797384
-3.78	13.53709160287229
-3.77	13.507085485640435
-3.76	13.477162347797382
-3.75	13.44709160287229
-3.74	13.417085485640435
-3.73	13.387162347797382
-3.7199999999999998	13.35709160287229
-3.71	13.327085485640435
-3.7	13.297162347797384
-3.69	13.26709160287229
-3.68	13.237085485640435
-3.67	13.207162347797382
-3.66	13.17709160287229
-3.65	13.147085485640433
-3.64	13.117162347797382
-3.63	13.08709160287229
-3.62	13.057085485640435
-3.61	13.027162347797383
-3.6	12.99709160287229
-3.59	12.967085485640434
-3.58	12.937162347797383
-3.57	12.907091602872288
-3.56	12.877085485640434
-3.55	12.847162347797383
-3.54	12.81709160287229
-3.53	12.787085485640434
-3.52	12.757162347797383
-3.51	12.727091602872289
-3.5	12.697085485640434
-3.49	12.667162347797383
-3.48	12.637091602872289
-3.4699999999999998	12.607085485640434
-3.46	12.577162347797383
-3.45	12.54709160287229
-3.44	12.517085485640434
-3.4299999999999997	12.487162347797382
-3.42	12.45709160287229
-3.41	12.427085485640434
-3.4	12.397162347797382
-3.39	12.36709160287229
-3.38	12.337085485640435
-3.37	12.307162347797384
-3.36	12.27709160287229
-3.35	12.247085485640435
-3.34	12.217162347797382
-3.33	12.18709160287229
-3.32	12.157085485640433
-3.31	12.127162347797384
-3.3	12.09709160287229
-3.29	12.067085485640435
-3.2800000000000002	12.037162347797384
-3.27	12.00709160287229
-3.26	11.977085485640433
-3.25	11.947162347797383
-3.24	11.91709160287229
-3.23	11.887085485640434
-3.2199999999999998	11.857162347797383
-3.21	11.82709160287229
-3.2	11.797085485640435
-3.19	11.767162347797383
-3.1799999999999997	11.737091602872288
-3.17	11.707085485640434
-3.16	11.677162347797383
-3.15	11.647091602872289
-3.14	11.617085485640434
-3.13	11.587162347797383
-3.12	11.55709160287229
-3.11	11.527085485640434
-3.1	11.497162347797383
-3.09	11.467091602872289
-3.08	11.437085485640434
-3.07	11.407162347797382
-3.06	11.377091602872289
-3.05	11.347085485640434
-3.04	11.317162347797384
-3.0300000000000002	11.287091602872291
-3.02	11.257085485640435
-3.01	11.227162347797382
-3.	11.19709160287229
-2.99	11.167085485640435
-2.98	11.137162347797382
-2.9699999999999998	11.10709160287229
-2.96	11.077085485640435
-2.95	11.047162347797384
-2.94	11.01709160287229
-2.9299999999999997	10.987085485640433
-2.92	10.957162347797382
-2.91	10.92709160287229
-2.9	10.897085485640433
-2.8899999999999997	10.867162347797382
-2.88	10.83709160287229
-2.87	10.807085485640435
-2.86	10.777162347797383
-2.8499999999999996	10.747091602872288
-2.84	10.717085485640434
-2.83	10.687162347797383
-2.8200000000000003	10.65709160287229
-2.81	10.627085485640434
-2.8	10.597162347797383
-2.79	10.56709160287229
-2.7800000000000002	10.537085485640436
-2.77	10.507162347797383
-2.76	10.477091602872289
-2.75	10.447085485640434
-2.74	10.417162347797383
-2.73	10.387091602872289
-2.7199999999999998	10.357085485640434
-2.71	10.327162347797383
-2.7	10.29709160287229
-2.69	10.267085485640434
-2.6799999999999997	10.237162347797382
-2.67	10.20709160287229
-2.66	10.177085485640434
-2.65	10.147162347797384
-2.6399999999999997	10.11709160287229
-2.63	10.087085485640435
-2.62	10.057162347797384
-2.61	10.02709160287229
-2.5999999999999996	9.997085485640433
-2.59	9.967162347797382
-2.58	9.93709160287229
-2.5700000000000003	9.907085485640435
-2.56	9.877162347797382
-2.55	9.84709160287229
-2.54	9.817085485640435
-2.5300000000000002	9.787162347797384
-2.52	9.75709160287229
-2.51	9.727085485640433
-2.5	9.697162347797383
-2.49	9.66709160287229
-2.48	9.637085485640434
-2.4699999999999998	9.607162347797383
-2.46	9.57709160287229
-2.45	9.547085485640435
-2.44	9.517162347797383
-2.4299999999999997	9.487091602872288
-2.42	9.457085485640434
-2.41	9.427162347797383
-2.4	9.39709160287229
-2.3899999999999997	9.367085485640434
-2.38	9.337162347797385
-2.37	9.307091602872292
-2.36	9.277085485640438
-2.3499999999999996	9.247162347797387
-2.34	9.217091602872296
-2.33	9.187085485640445
-2.3200000000000003	9.1571623477974
-2.31	9.127091602872312
-2.3	9.097085485640465
-2.29	9.067162347797424
-2.2800000000000002	9.037091602872348
-2.27	9.007085485640514
-2.26	8.97716234779749
-2.25	8.947091602872437
-2.24	8.917085485640634
-2.23	8.88716234779765
-2.2199999999999998	8.857091602872647
-2.21	8.827085485640911
-2.2	8.797162347798015
-2.19	8.767091602873121
-2.1799999999999997	8.737085485641524
-2.17	8.707162347798805
-2.16	8.677091602874139
-2.15	8.647085485642828
-2.1399999999999997	8.617162347800464
-2.13	8.587091602876244
-2.12	8.557085485645487
-2.11	8.527162347803811
-2.0999999999999996	8.49709160288044
-2.09	8.467085485650726
-2.08	8.437162347810329
-2.0700000000000003	8.40709160288852
-2.06	8.377085485660706
-2.05	8.347162347822609
-2.04	8.317091602903586
-2.0300000000000002	8.287085485679127
-2.02	8.257162347845053
-2.01	8.227091602930855
-2.	8.197085485712154
-1.9899999999999998	8.167162347884927
-1.98	8.13709160297887
-1.9699999999999998	8.107085485769796
-1.96	8.077162347953923
-1.9500000000000002	8.04709160306126
-1.94	8.017085485867902
-1.9300000000000002	7.987162348070419
-1.92	7.95709160319929
-1.9100000000000001	7.927085486031023
-1.9	7.8971623482626905
-1.8900000000000001	7.867091603425469
-1.88	7.83708548629644
-1.87	7.807162348573399
-1.8599999999999999	7.77709160378853
-1.85	7.7470854867197145
-1.8399999999999999	7.717162349065758
-1.83	7.6870916043602895
-1.8199999999999998	7.657085487382274
-1.81	7.627162349831922
-1.7999999999999998	7.597091605244901
-1.79	7.567085488401635
-1.7799999999999998	7.5371623510042465
-1.77	7.507091606591269
-1.7599999999999998	7.477085489945042
-1.75	7.447162352770283
-1.7399999999999998	7.417091608609491
-1.73	7.387085492247516
-1.7199999999999998	7.357162355392538
-1.71	7.32709161159252
-1.6999999999999997	7.297085495635536
-1.69	7.267162359234372
-1.6800000000000002	7.237091615944442
-1.67	7.2070855005579295
-1.6600000000000001	7.1771623647936815
-1.65	7.147091622217215
-1.6400000000000001	7.117085507625899
-1.63	7.087162372746499
-1.62	7.057091631158149
-1.6099999999999999	7.0270855176646725
-1.6	6.997162384003145
-1.5899999999999999	6.967091643770924
-1.58	6.937085531779823
-1.5699999999999998	6.907162399780229
-1.56	6.877091661393788
-1.5499999999999998	6.847085551442088
-1.54	6.817162421692656
-1.5299999999999998	6.787091685799318
-1.52	6.757085578595537
-1.5099999999999998	6.7271624518707815
-1.5	6.697091719321359
-1.4899999999999998	6.667085615795003
-1.48	6.637162493109195
-1.4699999999999998	6.607091765016045
-1.46	6.57708566638032
-1.4499999999999997	6.5471625490551135
-1.44	6.517091826865572
-1.4300000000000002	6.487085734696599
-1.42	6.457162624446438
-1.4100000000000001	6.427091910035458
-1.4	6.397085826372165
-1.3900000000000001	6.367162725411879
-1.38	6.337092021198689
-1.37	6.307085948668512
-1.3599999999999999	6.277162859848634
-1.35	6.247092168943375
-1.3399999999999999	6.217086110920158
-1.33	6.187163037896825
-1.3199999999999998	6.157092364284553
-1.31	6.127086325086608
-1.2999999999999998	6.097163272534526
-1.29	6.067092621305787
-1.2799999999999998	6.037086606443924
-1.27	6.007163580322981
-1.2599999999999998	5.977092957962309
-1.25	5.947086974450082
-1.2399999999999998	5.917163982338644
-1.23	5.887093397085133
-1.2199999999999998	5.857087453826377
-1.21	5.827164505337503
-1.1999999999999997	5.797093967634877
-1.19	5.767088075907318
-1.1800000000000002	5.737165183207906
-1.17	5.707094706265766
-1.1600000000000001	5.677088880323826
-1.15	5.647166058781542
-1.1400000000000001	5.617095659274526
-1.13	5.58708991710004
-1.12	5.557167186088715
-1.1099999999999999	5.527096885026682
-1.1	5.4970912492629855
-1.0899999999999999	5.467168633164415
-1.08	5.437098456974611
-1.0699999999999998	5.407092956087807
-1.06	5.37717048553692
-1.0499999999999998	5.3470874023085475
-1.04	5.31707701885129
-1.0299999999999998	5.287172850561591
-1.02	5.257252414553917
-1.0099999999999998	5.227416437539694
-1.	5.1976207402992705
-0.9899999999999998	5.167641355204762
-0.98	5.137660624994575
-0.9699999999999998	5.107679528288644
-0.96	5.0777037879601945
-0.9499999999999997	5.047740827505551
-0.94	5.017765159977192
-0.9299999999999997	4.987800936176948
-0.9199999999999999	4.957825626722146
-0.9100000000000001	4.927856834161828
-0.8999999999999999	4.897894782938729
-0.8900000000000001	4.867925489309109
-0.8799999999999999	4.837969603124153
-0.8700000000000001	4.808002830612059
-0.8599999999999999	4.778046318512427
-0.8500000000000001	4.748090966243769
-0.8399999999999999	4.718133093101742
-0.8300000000000001	4.688188820873922
-0.8199999999999998	4.658231464149938
-0.81	4.628288119182793
-0.7999999999999998	4.5983413721282265
-0.79	4.568397511102297
-0.7799999999999998	4.538464762382929
-0.77	4.508521823642597
-0.7599999999999998	4.478594203382457
-0.75	4.448661144989501
-0.7399999999999998	4.418735490075745
-0.73	4.388817119789128
-0.7199999999999998	4.358893684928462
-0.71	4.3289862300969775
-0.6999999999999997	4.299070555340553
-0.69	4.269166215702788
-0.6799999999999997	4.239265261350146
-0.6699999999999999	4.209367703672225
-0.6600000000000001	4.179488767828821
-0.6499999999999999	4.149596414197488
-0.6400000000000001	4.119720787840038
-0.6299999999999999	4.089847448498332
-0.6200000000000001	4.059979733854657
-0.6099999999999999	4.0301267861550265
-0.6000000000000001	4.000267904778036
-0.5899999999999999	3.9704293592340334
-0.5800000000000001	3.9405912839668242
-0.5699999999999998	3.9107637408842617
-0.56	3.880947439226309
-0.5499999999999998	3.851132329089418
-0.54	3.821338957050102
-0.5299999999999998	3.7915417697718254
-0.52	3.761764514245719
-0.5099999999999998	3.7320016309610287
-0.5	3.7022442379311196
-0.48999999999999977	3.672509639802728
-0.48	3.64277313040098
-0.4699999999999997	3.6130618647251387
-0.45999999999999996	3.583361699507211
-0.44999999999999973	3.5536760231425144
-0.4399999999999999	3.5240151819195926
-0.4299999999999997	3.4943580337878717
-0.41999999999999993	3.4647312694387336
-0.4100000000000001	3.4351158822687937
-0.3999999999999999	3.4055237788367796
-0.3900000000000001	3.3759575151887353
-0.3799999999999999	3.3464044526955483
-0.3700000000000001	3.3168869667253307
-0.3599999999999999	3.287382525093853
-0.3500000000000001	3.2579114066433164
-0.33999999999999986	3.22846875483995
-0.33000000000000007	3.199050018958361
-0.31999999999999984	3.1696733087023676
-0.31000000000000005	3.140313176145753
-0.2999999999999998	3.1109986954550415
-0.29000000000000004	3.0817187972167233
-0.27999999999999975	3.052474964257663
-0.2700000000000001	3.023279199079605
-0.2599999999999998	2.9941121322344944
-0.25	2.9650015694793246
-0.23999999999999974	2.935930698135837
-0.22999999999999995	2.9069118855432214
-0.21999999999999975	2.877949975966697
-0.21	2.8490332795099085
-0.19999999999999976	2.8201856671232663
-0.18999999999999992	2.7913872911045097
-0.17999999999999972	2.762660419194162
-0.1699999999999999	2.7340034764677363
-0.16000000000000011	2.7054109736587115
-0.14999999999999994	2.676903477058
-0.1400000000000001	2.6484607530938344
-0.1299999999999999	2.620110910162039
-0.12000000000000012	2.5918457591564974
-0.10999999999999988	2.5636701421645234
-0.10000000000000006	2.535599227287984
-0.08999999999999986	2.507616037869199
-0.08000000000000007	2.4797501896482563
-0.06999999999999984	2.451988979948503
-0.060000000000000026	2.4243473591744276
-0.04999999999999982	2.3968340147087552
-0.04000000000000004	2.3694396332394176
-0.029999999999999808	2.34219106870453
-0.020000000000000028	2.315074549777983
-0.009999999999999808	2.288111807528238
0.	2.261305395578474
0.009999999999999797	2.2346560236622617
0.020000000000000493	2.2081869510843704
0.03000000000000027	2.1818832886702544
0.04000000000000003	2.1557739077146603
0.049999999999999795	2.1298560874045473
0.06000000000000053	2.1041387574133803
0.07000000000000033	2.078640769605471
0.0800000000000001	2.0533504830295515
0.08999999999999987	2.0282993926870745
0.09999999999999964	2.0034814033071613
0.11000000000000032	1.9789129794177127
0.12000000000000012	1.9546070128821673
0.1299999999999999	1.9305603988043754
0.1399999999999997	1.9068010974821963
0.15000000000000036	1.883322147730577
0.16000000000000011	1.8601464255972318
0.16999999999999993	1.8372814861302929
0.1799999999999997	1.8147318507505377
0.19000000000000042	1.7925217295546796
0.20000000000000015	1.7706439950008186
0.20999999999999994	1.7491261546078385
0.21999999999999978	1.727971136617077
0.2300000000000004	1.7071900276427838
0.24000000000000019	1.686802578834851
0.25	1.6668037122541612
0.2599999999999998	1.6472222046224452
0.27000000000000046	1.6280579135994642
0.28000000000000025	1.6093269020916154
0.29000000000000004	1.591043243721027
0.2999999999999998	1.5732082803359952
0.31000000000000055	1.5558463521637274
0.3200000000000003	1.5389566106147154
0.3300000000000001	1.5225583952384136
0.3399999999999998	1.5066609518988179
0.3500000000000006	1.4912706379940257
0.3600000000000004	1.4764073413457
0.37000000000000016	1.4620699577289942
0.3799999999999999	1.4482792971978835
0.3899999999999996	1.435040690344942
0.4000000000000004	1.4223638049003722
0.4100000000000002	1.410263943054359
0.4199999999999999	1.3987404704443278
0.4299999999999997	1.3878131359775947
0.4400000000000004	1.377484190724193
0.4500000000000002	1.3677645272184613
0.4599999999999999	1.3586638822838313
0.46999999999999975	1.3501840183770568
0.4800000000000004	1.3423389889199264
0.4900000000000002	1.3351287358095574
0.5	1.3285628051114102
0.5099999999999998	1.3226451338967742
0.5200000000000005	1.3173770656851913
0.5300000000000002	1.31276591177196
0.54	1.3088079292498898
0.5499999999999998	1.3055084080852288
0.5600000000000005	1.3028646302242692
0.5700000000000003	1.3008744147633424
0.5800000000000001	1.29953704357384
0.5899999999999999	1.29884347276399
0.6000000000000005	1.298792109031173
0.6100000000000003	1.2993727736325658
0.6200000000000001	1.3005773308546464
0.6299999999999999	1.3023960486563737
0.6399999999999997	1.3048147116762256
0.6500000000000004	1.3078226328440417
0.6600000000000001	1.3114027644936426
0.6699999999999999	1.3155403586123786
0.6799999999999997	1.3202178468710917
0.6900000000000004	1.3254176079184075