0.239365368241
4
-4.	14.197162347797383
-3.995	14.182162347797384
-3.99	14.167162347797383
-3.985	14.152162347797383
-3.98	14.137162347797382
-3.975	14.122162347797383
-3.97	14.107162347797383
-3.965	14.092162347797382
-3.96	14.077162347797383
-3.955	14.062162347797383
-3.95	14.047162347797382
-3.945	14.032162347797383
-3.94	14.017162347797383
-3.935	14.002162347797382
-3.93	13.987162347797383
-3.925	13.972162347797383
-3.92	13.957162347797382
-3.915	13.942162347797384
-3.91	13.927162347797383
-3.905	13.912162347797382
-3.9	13.897162347797384
-3.895	13.882162347797383
-3.89	13.867162347797382
-3.885	13.852162347797384
-3.88	13.837162347797383
-3.875	13.822162347797383
-3.87	13.807162347797384
-3.865	13.792162347797383
-3.86	13.777162347797383
-3.855	13.762162347797382
-3.85	13.747162347797383
-3.845	13.732162347797383
-3.84	13.717162347797382
-3.835	13.702162347797383
-3.83	13.687162347797383
-3.825	13.672162347797382
-3.82	13.657162347797383
-3.815	13.642162347797383
-3.81	13.627162347797382
-3.805	13.612162347797383
-3.8	13.597162347797383
-3.795	13.582162347797382
-3.79	13.567162347797384
-3.785	13.552162347797383
-3.78	13.537162347797382
-3.775	13.522162347797384
-3.77	13.507162347797383
-3.765	13.492162347797382
-3.76	13.477162347797384
-3.755	13.462162347797383
-3.75	13.447162347797383
-3.745	13.432162347797384
-3.74	13.417162347797383
-3.735	13.402162347797383
-3.73	13.387162347797384
-3.725	13.372162347797383
-3.72	13.357162347797383
-3.715	13.342162347797382
-3.71	13.327162347797383
-3.705	13.312162347797383
-3.7	13.297162347797382
-3.695	13.282162347797383
-3.69	13.267162347797383
-3.685	13.252162347797382
-3.68	13.237162347797383
-3.675	13.222162347797383
-3.67	13.207162347797382
-3.665	13.192162347797384
-3.66	13.177162347797383
-3.655	13.162162347797382
-3.65	13.147162347797384
-3.645	13.132162347797383
-3.64	13.117162347797382
-3.635	13.102162347797384
-3.63	13.087162347797383
-3.625	13.072162347797383
-3.62	13.057162347797384
-3.615	13.042162347797383
-3.61	13.027162347797383
-3.605	13.012162347797384
-3.6	12.997162347797383
-3.595	12.982162347797383
-3.59	12.967162347797382
-3.585	12.952162347797383
-3.58	12.937162347797383
-3.575	12.922162347797382
-3.57	12.907162347797383
-3.565	12.892162347797383
-3.56	12.877162347797382
-3.555	12.862162347797383
-3.55	12.847162347797383
-3.545	12.832162347797382
-3.54	12.817162347797384
-3.535	12.802162347797383
-3.53	12.787162347797382
-3.525	12.772162347797384
-3.52	12.757162347797383
-3.515	12.742162347797382
-3.51	12.727162347797384
-3.505	12.712162347797383
-3.5	12.697162347797383
-3.495	12.682162347797384
-3.49	12.667162347797383
-3.485	12.652162347797383
-3.48	12.637162347797382
-3.475	12.622162347797383
-3.47	12.607162347797383
-3.465	12.592162347797382
-3.46	12.577162347797383
-3.455	12.562162347797383
-3.45	12.547162347797382
-3.445	12.532162347797383
-3.44	12.517162347797383
-3.435	12.502162347797382
-3.43	12.487162347797383
-3.425	12.472162347797383
-3.42	12.457162347797382
-3.415	12.442162347797384
-3.41	12.427162347797383
-3.405	12.412162347797382
-3.4	12.397162347797384
-3.395	12.382162347797383
-3.39	12.367162347797382
-3.385	12.352162347797384
-3.38	12.337162347797383
-3.375	12.322162347797383
-3.37	12.307162347797384
-3.365	12.292162347797383
-3.36	12.277162347797383
-3.355	12.262162347797384
-3.35	12.247162347797383
-3.345	12.232162347797383
-3.34	12.217162347797384
-3.335	12.202162347797383
-3.33	12.187162347797383
-3.325	12.172162347797382
-3.32	12.157162347797383
-3.315	12.142162347797383
-3.31	12.127162347797382
-3.305	12.112162347797383
-3.3	12.097162347797383
-3.295	12.082162347797382
-3.29	12.067162347797384
-3.285	12.052162347797383
-3.28	12.037162347797382
-3.275	12.022162347797384
-3.27	12.007162347797383
-3.265	11.992162347797382
-3.26	11.977162347797384
-3.255	11.962162347797383
-3.25	11.947162347797383
-3.245	11.932162347797384
-3.24	11.917162347797383
-3.235	11.902162347797383
-3.23	11.887162347797382
-3.225	11.872162347797383
-3.22	11.857162347797383
-3.215	11.842162347797382
-3.21	11.827162347797383
-3.205	11.812162347797383
-3.2	11.797162347797382
-3.195	11.782162347797383
-3.19	11.767162347797383
-3.185	11.752162347797382
-3.18	11.737162347797383
-3.175	11.722162347797383
-3.17	11.707162347797382
-3.165	11.692162347797384
-3.16	11.677162347797383
-3.155	11.662162347797382
-3.15	11.647162347797384
-3.145	11.632162347797383
-3.14	11.617162347797382
-3.135	11.602162347797384
-3.13	11.587162347797383
-3.125	11.572162347797383
-3.12	11.557162347797384
-3.115	11.542162347797383
-3.11	11.527162347797383
-3.105	11.512162347797384
-3.1	11.497162347797383
-3.095	11.482162347797383
-3.09	11.467162347797382
-3.085	11.452162347797383
-3.08	11.437162347797383
-3.075	11.422162347797382
-3.07	11.407162347797383
-3.065	11.392162347797383
-3.06	11.377162347797382
-3.055	11.362162347797383
-3.05	11.347162347797383
-3.045	11.332162347797382
-3.04	11.317162347797384
-3.035	11.302162347797383
-3.03	11.287162347797382
-3.025	11.272162347797384
-3.02	11.257162347797383
-3.015	11.242162347797382
-3.01	11.227162347797384
-3.005	11.212162347797383
-3.	11.197162347797383
-2.995	11.182162347797384
-2.99	11.167162347797383
-2.985	11.152162347797383
-2.98	11.137162347797382
-2.975	11.122162347797383
-2.97	11.107162347797383
-2.965	11.092162347797382
-2.96	11.077162347797383
-2.955	11.062162347797383
-2.95	11.047162347797382
-2.945	11.032162347797383
-2.94	11.017162347797383
-2.935	11.002162347797382
-2.93	10.987162347797383
-2.925	10.972162347797383
-2.92	10.957162347797382
-2.915	10.942162347797384
-2.91	10.927162347797383
-2.905	10.912162347797382
-2.9	10.897162347797384
-2.895	10.882162347797383
-2.89	10.867162347797382
-2.885	10.852162347797384
-2.88	10.837162347797383
-2.875	10.822162347797383
-2.87	10.807162347797384
-2.865	10.792162347797383
-2.86	10.777162347797383
-2.855	10.762162347797382
-2.85	10.747162347797383
-2.845	10.732162347797383
-2.84	10.717162347797382
-2.835	10.702162347797383
-2.83	10.687162347797383
-2.825	10.672162347797382
-2.82	10.657162347797383
-2.815	10.642162347797383
-2.81	10.627162347797382
-2.805	10.612162347797383
-2.8	10.597162347797383
-2.795	10.582162347797382
-2.79	10.567162347797384
-2.785	10.552162347797383
-2.78	10.537162347797382
-2.775	10.522162347797384
-2.77	10.507162347797383
-2.765	10.492162347797382
-2.76	10.477162347797384
-2.755	10.462162347797383
-2.75	10.447162347797383
-2.745	10.432162347797384
-2.74	10.417162347797383
-2.735	10.402162347797383
-2.73	10.387162347797382
-2.725	10.372162347797383
-2.72	10.357162347797383
-2.715	10.342162347797382
-2.71	10.327162347797383
-2.705	10.312162347797383
-2.7	10.297162347797382
-2.695	10.282162347797383
-2.69	10.267162347797383
-2.685	10.252162347797382
-2.68	10.237162347797383
-2.675	10.222162347797383
-2.67	10.207162347797382
-2.665	10.192162347797384
-2.66	10.177162347797383
-2.655	10.162162347797382
-2.65	10.147162347797384
-2.645	10.132162347797383
-2.64	10.117162347797382
-2.635	10.102162347797384
-2.63	10.087162347797383
-2.625	10.072162347797383
-2.62	10.057162347797384
-2.615	10.042162347797383
-2.61	10.027162347797383
-2.605	10.012162347797384
-2.6	9.997162347797383
-2.595	9.982162347797383
-2.59	9.967162347797382
-2.585	9.952162347797383
-2.58	9.937162347797383
-2.575	9.922162347797382
-2.57	9.907162347797383
-2.565	9.892162347797383
-2.56	9.877162347797382
-2.555	9.862162347797383
-2.55	9.847162347797383
-2.545	9.832162347797382
-2.54	9.817162347797384
-2.535	9.802162347797383
-2.53	9.787162347797382
-2.525	9.772162347797384
-2.52	9.757162347797383
-2.515	9.742162347797382
-2.51	9.727162347797384
-2.505	9.712162347797383
-2.5	9.697162347797383
-2.495	9.682162347797384
-2.49	9.667162347797383
-2.485	9.652162347797383
-2.48	9.637162347797382
-2.475	9.622162347797383
-2.47	9.607162347797383
-2.465	9.592162347797384
-2.46	9.577162347797383
-2.455	9.562162347797383
-2.45	9.547162347797382
-2.445	9.532162347797383
-2.44	9.517162347797383
-2.435	9.502162347797382
-2.43	9.487162347797383
-2.425	9.472162347797383
-2.42	9.457162347797384
-2.415	9.442162347797384
-2.41	9.427162347797383
-2.405	9.412162347797384
-2.4	9.397162347797384
-2.395	9.382162347797383
-2.39	9.367162347797384
-2.385	9.352162347797384
-2.38	9.337162347797385
-2.375	9.322162347797384
-2.37	9.307162347797385
-2.365	9.292162347797387
-2.36	9.277162347797386
-2.355	9.262162347797387
-2.35	9.247162347797389
-2.345	9.23216234779739
-2.34	9.217162347797391
-2.335	9.202162347797392
-2.33	9.187162347797393
-2.325	9.172162347797396
-2.32	9.157162347797398
-2.315	9.1421623477974
-2.31	9.127162347797405
-2.305	9.112162347797408
-2.3	9.097162347797413
-2.295	9.082162347797418
-2.29	9.067162347797424
-2.285	9.052162347797433
-2.28	9.037162347797441
-2.275	9.022162347797451
-2.27	9.007162347797463
-2.265	8.992162347797477
-2.26	8.977162347797492
-2.255	8.96216234779751
-2.25	8.94716234779753
-2.245	8.932162347797554
-2.24	8.917162347797582
-2.235	8.902162347797614
-2.23	8.88716234779765
-2.225	8.872162347797692
-2.22	8.857162347797741
-2.215	8.842162347797796
-2.21	8.82716234779786
-2.205	8.812162347797932
-2.2	8.797162347798015
-2.195	8.782162347798108
-2.19	8.767162347798214
-2.185	8.752162347798336
-2.18	8.737162347798472
-2.175	8.72216234779863
-2.17	8.707162347798805
-2.165	8.692162347799005
-2.16	8.677162347799232
-2.155	8.662162347799487
-2.15	8.647162347799776
-2.145	8.6321623478001
-2.14	8.617162347800464
-2.135	8.602162347800876
-2.13	8.587162347801337
-2.125	8.572162347801855
-2.12	8.557162347802436
-2.115	8.542162347803085
-2.11	8.527162347803813
-2.105	8.512162347804624
-2.1	8.497162347805533
-2.095	8.482162347806545
-2.09	8.467162347807674
-2.085	8.452162347808931
-2.08	8.437162347810329
-2.075	8.422162347811884
-2.07	8.40716234781361
-2.065	8.392162347815527
-2.06	8.37716234781765
-2.055	8.362162347820004
-2.05	8.347162347822609
-2.045	8.33216234782549
-2.04	8.317162347828674
-2.035	8.302162347832189
-2.03	8.287162347836068
-2.025	8.272162347840343
-2.02	8.257162347845053
-2.015	8.242162347850238
-2.01	8.22716234785594
-2.005	8.212162347862208
-2.	8.19716234786909
-1.995	8.182162347876645
-1.99	8.167162347884927
-1.985	8.152162347894006
-1.98	8.137162347903947
-1.975	8.122162347914825
-1.97	8.107162347926723
-1.965	8.092162347939723
-1.96	8.077162347953923
-1.955	8.06216234796942
-1.95	8.04716234798632
-1.945	8.032162348004743
-1.94	8.01716234802481
-1.935	8.002162348046655
-1.93	7.987162348070418
-1.925	7.972162348096256
-1.92	7.95716234812433
-1.915	7.942162348154817
-1.91	7.9271623481879026
-1.905	7.912162348223789
-1.9	7.8971623482626905
-1.895	7.882162348304837
-1.89	7.867162348350472
-1.885	7.852162348399857
-1.88	7.837162348453272
-1.875	7.822162348511013
-1.87	7.807162348573399
-1.865	7.792162348640766
-1.86	7.777162348713475
-1.855	7.762162348791907
-1.85	7.747162348876472
-1.845	7.732162348967602
-1.84	7.717162349065758
-1.835	7.702162349171431
-1.83	7.68716234928514
-1.825	7.672162349407439
-1.82	7.657162349538915
-1.815	7.642162349680188
-1.81	7.627162349831921
-1.805	7.612162349994814
-1.8	7.597162350169608
-1.795	7.582162350357091
-1.79	7.567162350558095
-1.785	7.552162350773503
-1.78	7.5371623510042465
-1.775	7.522162351251317
-1.77	7.507162351515756
-1.765	7.492162351798671
-1.76	7.477162352101229
-1.755	7.462162352424666
-1.75	7.447162352770283
-1.745	7.43216235313946
-1.74	7.417162353533651
-1.735	7.402162353954389
-1.73	7.387162354403296
-1.725	7.372162354882079
-1.72	7.357162355392538
-1.715	7.342162355936576
-1.71	7.327162356516194
-1.705	7.3121623571334995
-1.7	7.297162357790717
-1.695	7.2821623584901864
-1.69	7.267162359234372
-1.685	7.252162360025868
-1.68	7.237162360867405
-1.675	7.222162361761854
-1.67	7.207162362712238
-1.665	7.192162363721733
-1.66	7.177162364793681
-1.655	7.162162365931592
-1.65	7.147162367139158
-1.645	7.132162368420254
-1.64	7.117162369778956
-1.635	7.10216237121954
-1.63	7.087162372746499
-1.625	7.072162374364547
-1.62	7.057162376078634
-1.615	7.042162377893954
-1.61	7.027162379815954
-1.605	7.012162381850354
-1.6	6.997162384003145
-1.595	6.982162386280616
-1.59	6.9671623886893554
-1.585	6.952162391236272
-1.58	6.937162393928606
-1.575	6.922162396773943
-1.57	6.90716239978023
-1.565	6.892162402955792
-1.56	6.877162406309349
-1.555	6.86216240985003
-1.55	6.847162413587393
-1.545	6.8321624175314435
-1.54	6.817162421692656
-1.535	6.802162426081987
-1.53	6.787162430710905
-1.525	6.7721624355914045
-1.52	6.757162440736035
-1.515	6.74216244615792
-1.51	6.727162451870782
-1.505	6.7121624578889705
-1.5	6.6971624642274845
-1.495	6.682162470902005
-1.49	6.667162477928919
-1.485	6.652162485325352
-1.48	6.637162493109196
-1.475	6.622162501299146
-1.47	6.607162509914728
-1.465	6.592162518976341
-1.46	6.5771625285052835
-1.455	6.5621625385238005
-1.45	6.547162549055114
-1.445	6.532162560123472
-1.44	6.517162571754181
-1.435	6.502162583973658
-1.43	6.4871625968094735
-1.425	6.472162610290394
-1.42	6.457162624446439
-1.415	6.442162639308924
-1.41	6.42716265491052
-1.405	6.412162671285303
-1.4	6.397162688468816
-1.395	6.382162706498124
-1.39	6.367162725411879
-1.385	6.35216274525038
-1.38	6.337162766055645
-1.375	6.322162787871473
-1.37	6.30716281074352
-1.365	6.292162834719376
-1.36	6.277162859848635
-1.355	6.2621628861829794
-1.35	6.247162913776266
-1.345	6.232162942684604
-1.34	6.217162972966454
-1.335	6.202163004682715
-1.33	6.187163037896825
-1.325	6.172163072674857
-1.32	6.1571631090856265
-1.315	6.142163147200799
-1.31	6.127163187095003
-1.305	6.112163228845944
-1.3	6.097163272534527
-1.295	6.082163318244982
-1.29	6.067163366064995
-1.285	6.0521634160858415
-1.28	6.037163468402529
-1.275	6.022163523113939
-1.27	6.007163580322981
-1.265	5.992163640136749
-1.26	5.977163702666683
-1.255	5.962163768028739
-1.25	5.947163836343562
-1.245	5.932163907736672
-1.24	5.917163982338645
-1.235	5.902164060285316
-1.23	5.887164141717981
-1.225	5.8721642267836005
-1.22	5.857164315635026
-1.215	5.842164408431222
-1.21	5.827164505337503
-1.205	5.8121646065257755
-1.2	5.7971647121747925
-1.195	5.782164822470413
-1.19	5.767164937605879
-1.185	5.752165057782091
-1.18	5.737165183207906
-1.175	5.722165314100437
-1.17	5.7071654506853715
-1.165	5.692165593197296
-1.16	5.6771657418800325
-1.155	5.662165896986994
-1.15	5.647166058781543
-1.145	5.632166227537374
-1.14	5.617166403538904
-1.135	5.6021665870816735
-1.13	5.587166778472775
-1.125	5.572166978031285
-1.12	5.557167186088715
-1.115	5.542167402989485
-1.11	5.527167629091409
-1.105	5.512167864766195
-1.1	5.497168110399976
-1.095	5.482168366393843
-1.09	5.467168633164416
-1.085	5.452168911144421
-1.08	5.437169200783296
-1.075	5.422169502547818
-1.07	5.407169816922752
-1.065	5.392170144411525
-1.06	5.37717048553692
-1.055	5.362170840841806
-1.05	5.347171210889883
-1.045	5.332171596266462
-1.04	5.317171997579269
-1.035	5.302172415459281
-1.03	5.287172850561592
-1.025	5.27217330356631
-1.02	5.257173775179489
-1.015	5.242174266134091
-1.01	5.227174777190986
-1.005	5.212175309139988
-1.	5.1976207402992705
-0.996666666667	5.187580595403988
-0.993333333333	5.177636163053744
-0.99	5.167642680261602
-0.986666666667	5.15765056767228
-0.983333333333	5.1476583196463634
-0.98	5.1376661342410594
-0.976666666667	5.1276741214254455
-0.973333333333	5.1176823780835665
-0.97	5.107690188076228
-0.966666666667	5.097699120940691
-0.963333333333	5.087707150471306
-0.96	5.077715517782228
-0.956666666667	5.067724611019517
-0.953333333333	5.057731990832073
-0.95	5.0477400783732636
-0.946666666667	5.037751949211854
-0.943333333333	5.027761432508445
-0.94	5.017771043363323
-0.936666666667	5.007778548067616
-0.933333333333	4.997790323403434
-0.93	4.987800531595216
-0.926666666667	4.977810762827875
-0.923333333333	4.967821051315061
-0.92	4.957831426195449
-0.916666666667	4.947841952976432
-0.913333333333	4.9378528569046045
-0.91	4.9278632232516895
-0.906666666667	4.9178765920609155
-0.903333333333	4.907887272323136
-0.9	4.897898506658076
-0.896666666667	4.887905521444952
-0.893333333333	4.877921834099531
-0.89	4.8679338831338015
-0.886666666667	4.857946158979661
-0.883333333333	4.847959861970376
-0.88	4.837971358395983
-0.876666666667	4.827984272270972
-0.873333333333	4.817997400501799
-0.87	4.808012810416382
-0.866666666667	4.798024302073006
-0.863333333333	4.788038091840026
-0.86	4.778052092991495
-0.856666666667	4.768066685381505
-0.853333333333	4.758078986482355
-0.85	4.748095496447169
-0.846666666667	4.738110800794515
-0.843333333333	4.728125694394537
-0.84	4.718141063395898
-0.836666666667	4.708156695390093
-0.833333333333	4.6981724629050285
-0.83	4.688189010342087
-0.826666666667	4.6782059915947185
-0.823333333333	4.668221647452932
-0.82	4.658239090082451
-0.816666666667	4.648256374974154
-0.813333333333	4.638275206667965
-0.81	4.628290425780642
-0.806666666667	4.618309944782955
-0.803333333333	4.608328388869198
-0.8	4.598347621312135
-0.796666666667	4.588364987991364
-0.793333333333	4.578385326200828
-0.79	4.568405237237908
-0.786666666667	4.55842516115926
-0.783333333333	4.548445215502029
-0.78	4.538466325284586
-0.776666666667	4.528487385159924
-0.773333333333	4.5185090056994115
-0.77	4.508530171225601
-0.766666666667	4.498552100390957
-0.763333333333	4.488574516524651
-0.76	4.478597724551708
-0.756666666667	4.468620907708393
-0.753333333333	4.458644384150219
-0.75	4.448665771831977
-0.746666666667	4.438692525444736
-0.743333333333	4.428717302771954
-0.74	4.418742461056528
-0.736666666667	4.408767939988838
-0.733333333333	4.398793924041186
-0.73	4.388820385799399
-0.726666666667	4.378847187254573
-0.723333333333	4.368874440902094
-0.72	4.358902203045187
-0.716666666667	4.348930386855274
-0.713333333333	4.338961263059522
-0.71	4.328988127579971
-0.706666666667	4.319017716527996
-0.703333333333	4.309047770439859
-0.7	4.299078298623248
-0.696666666667	4.289109299480955
-0.693333333333	4.279138957642159
-0.69	4.26917266803983
-0.686666666667	4.259204986394525
-0.683333333333	4.249237666499819
-0.68	4.239270628733971
-0.676666666667	4.229303740664112
-0.673333333333	4.219334590359935
-0.67	4.2093772084340815
-0.666666666667	4.199413081494521
-0.663333333333	4.189450652569438
-0.66	4.179488734114218
-0.656666666667	4.169525871552333
-0.653333333333	4.1595644241261125
-0.65	4.149603619596123
-0.646666666667	4.1396433490644275
-0.643333333333	4.1296845232938395
-0.64	4.119723653892561
-0.636666666667	4.109767084404549
-0.633333333333	4.099809630954595
-0.63	4.089852893957311
-0.626666666667	4.079897456755837
-0.623333333333	4.069941970782604
-0.62	4.059987387107673
-0.616666666667	4.050033550901927
-0.613333333333	4.040080421254266
-0.61	4.03012816759912
-0.606666666667	4.020176929610969
-0.603333333333	4.010226563607302
-0.6	4.000276825186168
-0.596666666667	3.9903276322881767
-0.593333333333	3.9803795642251854
-0.59	3.9704326087722612
-0.586666666667	3.9604864607583745
-0.583333333333	3.9505453209447787
-0.58	3.940599795011716
-0.576666666667	3.930655505255717
-0.573333333333	3.9207124389426906
-0.57	3.910770478488668
-0.566666666667	3.900829551720108
-0.563333333333	3.890888795565736
-0.56	3.880950234973095
-0.556666666667	3.8710127136248094
-0.553333333333	3.8610762346444947
-0.55	3.8511408274532783
-0.546666666667	3.841206519938993
-0.543333333333	3.8312733250374227
-0.54	3.8213412567268144
-0.536666666667	3.811410338033348
-0.533333333333	3.8014805918015564
-0.53	3.7915520364379263
-0.526666666667	3.781624691266502
-0.523333333333	3.771262750553319
-0.52	3.761773758732837
-0.516666666667	3.751850168112625
-0.513333333333	3.741927852700292
-0.51	3.732006888463086
-0.506666666667	3.722087267971145
-0.503333333333	3.71216901449632
-0.5	3.7022514026977027
-0.496666666667	3.6923367046046147
-0.493333333333	3.6824226972390797
-0.49	3.672510154962017
-0.486666666667	3.6625991034019534
-0.483333333333	3.6526895686294423
-0.48	3.642781941742221
-0.476666666667	3.632874947708331
-0.473333333333	3.6229699268501023
-0.47	3.613066900676624
-0.466666666667	3.6031656258537543
-0.463333333333	3.593265894677675
-0.46	3.5833676992913603
-0.456666666667	3.573471181849111
-0.453333333333	3.563576487761158
-0.45	3.5536836745763023
-0.446666666667	3.5437927282774355
-0.443333333333	3.533903631288172
-0.44	3.5240164050367384
-0.436666666667	3.5141311019915142
-0.433333333333	3.504247775503565
-0.43	3.4943664631697944
-0.426666666667	3.484487179849581
-0.423333333333	3.47460997093931
-0.42	3.464734885394329
-0.416666666667	3.4548619555148474
-0.413333333333	3.44499119408665
-0.41	3.4351226600931524
-0.406666666667	3.4252563890935415
-0.403333333333	3.415392420647095
-0.4	3.405531735148245
-0.396666666667	3.3956684604468648
-0.393333333333	3.3858147422339795
-0.39	3.375960398554007
-0.386666666667	3.3661085679078697
-0.383333333333	3.3562592946035696
-0.38	3.346412623728523
-0.376666666667	3.3365686011493842
-0.373333333333	3.3267272735429803
-0.37	3.3120637134744864
-0.366666666667	3.307052857491387
-0.363333333333	3.2971097111364274
-0.36	3.287389698650727
-0.356666666667	3.2775626567378713
-0.353333333333	3.2677386051906336
-0.35	3.257917562435537
-0.346666666667	3.2480995836580355
-0.343333333333	3.238284741130293
-0.34	3.2284731067744534
-0.336666666667	3.2186647447495744
-0.333333333333	3.2088597126515377
-0.33	3.1990580660131873
-0.326666666667	3.189259861828332
-0.323333333333	3.1794651597312154
-0.32	3.169674021574082
-0.316666666667	3.1598865106339966
-0.313333333333	3.1501026911524375
-0.31	3.1403225474904226
-0.306666666667	3.130544568604461
-0.303333333333	3.1207717934593977
-0.3	3.1110056467230778
-0.296666666667	3.101241283610784
-0.293333333333	3.0914810197548537
-0.29	3.0817249273313254
-0.286666666667	3.071973079770085
-0.283333333333	3.062225576721936
-0.28	3.052482482396346
-0.276666666667	3.0427438193738072
-0.273333333333	3.033009694144286
-0.27	3.023280200741568
-0.266666666667	3.013555425335818
-0.263333333333	3.0038354508117013
-0.26	2.994120359890994
-0.256666666667	2.9844102367150804
-0.253333333333	2.9747051673740548
-0.25	2.9650052399139204
-0.246666666667	2.9553105441790364
-0.243333333333	2.9456211716581233
-0.24	2.935937215379911
-0.236666666667	2.9262587698510787
-0.233333333333	2.9165859310181546
-0.23	2.906918796241839
-0.226666666667	2.897257464282893
-0.223333333333	2.887602035308201
-0.22	2.877952610932963
-0.216666666667	2.8683092943199697
-0.213333333333	2.8586721903585626
-0.21	2.8490414059421547
-0.206666666667	2.8394170503514395
-0.203333333333	2.829799235728457
-0.2	2.82018807759409
-0.196666666667	2.8105836953213315
-0.193333333333	2.800985429494388
-0.19	2.7913940763675527
-0.186666666667	2.7818107311257285
-0.183333333333	2.7722346899489234
-0.18	2.7626682196366157
-0.176666666667	2.7531070891870995
-0.173333333333	2.743553602539701
-0.17	2.734007890988761
-0.166666666667	2.7244700879847574
-0.163333333333	2.7149403291098
-0.16	2.705418752061953
-0.156666666667	2.6959054966588303
-0.153333333333	2.6864004165889614
-0.15	2.676904308197115
-0.146666666667	2.6674169343709413
-0.143333333333	2.657938448535797
-0.14	2.6484690056947926
-0.136666666667	2.6390083226571237
-0.133333333333	2.629557014962924
-0.13	2.620116510608191
-0.126666666667	2.610684824394406
-0.123333333333	2.6012629829899714
-0.12	2.5918511527554946
-0.116666666667	2.5824495022644496
-0.113333333333	2.5730582024095225
-0.11	2.5636774265075446
-0.106666666667	2.5543073503916873
-0.103333333333	2.544948152482236
-0.1	2.5356000138329056
-0.0966666666667	2.526263118155806
-0.0933333333333	2.516937651832505
-0.09	2.50762380392
-0.0866666666667	2.498321766158955
-0.0833333333333	2.489031732988325
-0.08	2.479753901567005
-0.0766666666667	2.470488619901645
-0.0733333333333	2.461235436670404
-0.07	2.451995125687635
-0.0666666666667	2.4427679202283223
-0.0633333333333	2.4335548650821495
-0.06	2.424354540202629
-0.0566666666667	2.4151678755441988
-0.0533333333333	2.4059950909107957
-0.05	2.3968364090175003
-0.0466666666667	2.3876920555049073
-0.0433333333333	2.3785622589534468
-0.04	2.3694472508974163
-0.0366666666667	2.3603472658384304
-0.0333333333333	2.351262541258049
-0.03	2.342193317629424
-0.0266666666667	2.333139838427924
-0.0233333333333	2.3241023501407314
-0.02	2.3150813212164874
-0.0166666666667	2.3060765049830945
-0.0133333333333	2.2970884365525377
-0.01	2.2881173811879165
-0.00666666666667	2.279163604960541
-0.00333333333333	2.2701056687808525
0	2.2613089586343706
0.00333333333333	2.252408626139834
0.00666666666667	2.243526648966715
0.01	2.2346633013920836
0.0133333333333	2.2258188607179528
0.0166666666667	2.216993607586936
0.02	2.208187826174801
0.0233333333333	2.199401804268017
0.0266666666667	2.190635833247267
0.03	2.181890208004382
0.0333333333333	2.1731652268210127
0.0366666666667	2.16446119123413
0.04	2.1557784059076686
0.0433333333333	2.147117178522921
0.0466666666667	2.138477819693835
0.05	2.129860642908053
0.0533333333333	2.1212659644906964
0.0566666666667	2.1126941035857256
0.06	2.104145382148862
0.0633333333333	2.09562012494636
0.0666666666667	2.0871186595548603
0.07	2.078641316358727
0.0733333333333	2.0701884285433696
0.0766666666667	2.0617603320819975
0.08	2.0533573657177175
0.0833333333333	2.044979870940038
0.0866666666667	2.0366281919571545
0.09	2.028302675664861
0.0933333333333	2.020003671612938
0.0966666666667	2.0117315319697404
0.1	2.0034866114854966
0.103333333333	1.9952692674546828
0.106666666667	1.9870798596776342
0.11	1.9789187504214827
0.113333333333	1.9707863043804075
0.116666666667	1.9626828886351444
0.12	1.9546088726117092
0.123333333333	1.9465646280392572
0.126666666667	1.938550528907057
0.13	1.9305669514205452
0.133333333333	1.922614273956458
0.136666666667	1.9146928770170608
0.14	1.9068031431834878
0.143333333333	1.8989454570682247
0.146666666667	1.8911202052667635
0.15	1.8833277763084566
0.153333333333	1.8755685606065946
0.156666666667	1.867842803865212
0.16	1.860151196373473
0.163333333333	1.8524939854743654
0.166666666667	1.844871568094034
0.17	1.8372843429151913
0.173333333333	1.8297327102945395
0.176666666667	1.8222170721843278
0.18	1.814737832057596
0.183333333333	1.8072953948365968
0.186666666667	1.7998901668238967
0.19	1.7925225556356792
0.193333333333	1.7851929701368303
0.196666666667	1.7779018203774466
0.2	1.770649517530459
0.203333333333	1.7634364738301338
0.206666666667	1.7562631025112454
0.21	1.7491298177487777
0.213333333333	1.742037034598031
0.216666666667	1.7349851689350428
0.22	1.7279746373972606
0.223333333333	1.7210058573244078
0.226666666667	1.7140792466995065
0.23	1.7071952240900268
0.233333333333	1.7003542085891388
0.236666666667	1.6935566197570462
0.24	1.6868028775623942
0.243333333333	1.6800934023237346
0.246666666667	1.6734286146510438
0.25	1.6668089353872888
0.253333333333	1.6602347855500346
0.256666666667	1.6537065862730929
0.26	1.6472247587482065
0.263333333333	1.6407897241667748
0.266666666667	1.6344019036615676
0.27	1.6280617182485306
0.273333333333	1.6217695887685295
0.276666666667	1.6155259358291127
0.28	1.6093311797462415
0.283333333333	1.6031857404859573
0.286666666667	1.5970900376059571
0.29	1.5910444901970364
0.293333333333	1.5850495168243481
0.296666666667	1.5791055354684267
0.3	1.5732129634659129
0.303333333333	1.5673722174499047
0.306666666667	1.561583713289865
0.31	1.5558478660309907
0.313333333333	1.550165089832954
0.316666666667	1.544535797907915
0.32	1.538960402457694
0.323333333333	1.5334393146099852
0.326666666667	1.5279729443534904
0.33	1.5225617004718375
0.333333333333	1.5172059904761437
0.336666666667	1.511906220536074
0.34	1.5066627954092429
0.343333333333	1.5014761183687912
0.346666666667	1.496346591128972
0.35	1.491274613768563
0.353333333333	1.4862605846519266
0.356666666667	1.4813049003475187
0.36	1.4764079555436576
0.363333333333	1.4715701429613393
0.366666666667	1.4667918532638988
0.37	1.462073474963299
0.373333333333	1.457415394322827
0.376666666667	1.4528179952559808
0.38	1.4388855383943842
0.383333333333	1.4438067651130337
0.386666666667	1.4393936891470616
0.39	1.4350428047424293
0.393333333333	1.4307544823976825
0.396666666667	1.4265290895621217
0.4	1.4223669905016436
0.403333333333	1.4182685461589584
0.406666666667	1.4142341140079753
0.41	1.410264047902141
0.413333333333	1.4063586979165528
0.416666666667	1.4025184101836112
0.42	1.3987435267220907
0.423333333333	1.3950343852594178
0.426666666667	1.391391319047024
0.43	1.3878146566686305
0.433333333333	1.3843047218413487
0.436666666667	1.380861833209491
0.44	1.3774863041310146
0.443333333333	1.3741784424565362
0.446666666667	1.3709385503008888
0.45	1.3677669238072017
0.453333333333	1.3646638529035275
0.456666666667	1.3616296210520582
0.46	1.3586645049910029
0.463333333333	1.3557687744692348
0.466666666667	1.3529426919738439
0.47	1.3501865124507635
0.473333333333	1.3475004830186796
0.476666666667	1.3448848426764581
0.48	1.342339822004371
0.483333333333	1.3398656428594284
0.486666666667	1.3374625180651738
0.49	1.3351306510963232
0.493333333333	1.3328702357586764
0.496666666667	1.330681455864768
0.5	1.3285644849057492
0.503333333333	1.3265194857200497
0.506666666667	1.3245466101593857
0.51	1.3226459987527297
0.513333333333	1.3208177803688852
0.516666666667	1.319062071878347
0.52	1.3173789778151572
0.523333333333	1.3157685900394975
0.526666666667	1.3142309874017923
0.53	1.3127662354091119
0.533333333333	1.3113743858947067
0.536666666667	1.3100554766915065
0.54	1.3088095313104486
0.543333333333	1.307636558624515
0.546666666667	1.3065365525593666
0.55	1.3055094917914762
0.553333333333	1.3045553394546645
0.556666666667	1.303674042855953
0.56	1.3028655332016363
0.563333333333	1.3021297253344857
0.566666666667	1.3014665174829725
0.57	1.3008757910234003
0.573333333333	1.3003574102558124
0.576666666667	1.2999112221945197
0.58	1.299537056374079
0.583333333333	1.2992347246715117
0.586666666667	1.2990040211455345
0.59	1.2988447218935266
0.593333333333	1.29875658492693
0.596666666667	1.2987393500657283
0.6	1.2987927388526106
0.603333333333	1.2989164544873784
0.606666666667	1.2991101817820938
0.61	1.2993735871374261
0.613333333333	1.2997063185405886
0.616666666667	1.3001080055851995
0.62	1.3005782595133453
0.623333333333	1.3011166732800563
0.626666666667	1.301722821640349
0.63	1.3023962612589133
0.633333333333	1.3031365308424716
0.636666666667	1.3039431512947615
0.64	1.3048156258940278
0.643333333333	1.3057534404928544
0.646666666667	1.306756063740089
0.65	1.3078229473245593
0.653333333333	1.30895352624021
0.656666666667	1.310147219072236
0.66	1.3114034283037181
0.663333333333	1.3127215406422206
0.666666666667	1.3141009273657482
0.67	1.3155409446874102
0.673333333333	1.3170409341380866
0.676666666667	1.3186002229663505
0.68	1.3202181245548534
0.683333333333	1.321893938852338
0.686666666667	1.3236269528204114
0.69	1.3254164408941769
0.693333333333	1.3272616654557903
0.696666666667	1.3291618773199845
0.7	1.3311163162305848
0.703333333333	1.3331242113670156
0.706666666667	1.3351847818597888
0.71	1.3372972373139553
0.713333333333	1.3394607783394883
0.716666666667	1.3416745970875703
0.72	1.3439378777917588
0.723333333333	1.346249797312999
0.726666666667	1.348609525687476
0.73	1.351016226676296
0.733333333333	1.3534690583160094
0.736666666667	1.3559671734690055
0.74	1.3585097203728211
0.743333333333	1.3610958431874436
0.746666666667	1.3637246825396976
0.75	1.3663953760638459
0.753333333333	1.369107058937558
0.756666666667	1.3718588644124357
0.76	1.374649924338313
0.763333333333	1.377479369680593
0.766666666667	1.3803463310299093
0.77	1.3832499391034447
0.773333333333	1.386189325237278
0.776666666667	1.3891636218691634
0.78	1.392171963011196
0.783333333333	1.3952134847118434
0.786666666667	1.3982873255068826
0.79	1.4013926268587997
0.793333333333	1.4045285335842683
0.796666666667	1.4076941942693513
0.8	1.4108887616721153
0.803333333333	1.414111393112381
0.806666666667	1.4173612508483762
0.81	1.4206375024400903
0.813333333333	1.4239393210991667
0.816666666667	1.4272658860252083
0.82	1.4306163827283973
0.823333333333	1.433990003338371
0.826666666667	1.4373859468993235
0.83	1.4408034196513313
0.833333333333	1.4442416352979348
0.836666666667	1.4476998152600293
0.84	1.4511771889161522
0.843333333333	1.4546729938292668
0.846666666667	1.4581864759601804
0.85	1.4617168898677428
0.853333333333	1.4652634988960025
0.856666666667	1.4688255753485042
0.86	1.4724024006499468
0.863333333333	1.4759932654954142
0.866666666667	1.479597469987427
0.87	1.4832143237610638
0.873333333333	1.4868431460974143
0.876666666667	1.4904832660256433
0.88	1.494134022413946
0.883333333333	1.497794764049689
0.886666666667	1.5014648497090342
0.89	1.5051436482163538
0.893333333333	1.5088305384937444
0.896666666667	1.5125249096009543
0.9	1.516226160766041
0.903333333333	1.519933701407077
0.906666666667	1.5236469511452275
0.91	1.5273653398095115
0.913333333333	1.5310883074335768
0.916666666667	1.534815304244797
0.92	1.5385457906460145
0.923333333333	1.542279237190238
0.926666666667	1.5460151245486102
0.93	1.5497529434719464
0.933333333333	1.5534921947461533
0.936666666667	1.5572323891418234
0.94	1.5609730473582981
0.943333333333	1.5647136999624873
0.946666666667	1.5684538873227298
0.95	1.572193159537971
0.953333333333	1.5759310763625245
0.956666666667	1.579667207126684
0.96	1.5834011306534457
0.963333333333	1.5871324351715863
0.966666666667	1.5908607182253405
0.97	1.5945855865809202
0.973333333333	1.5983066561300991
0.976666666667	1.602023551791086
0.98	1.6057359074069053
0.983333333333	1.6094433656414888
0.986666666667	1.613145577873681
0.99	1.6168422040893515
0.993333333333	1.6205329127718042
0.996666666667	1.6242173807906557
1.	1.627895293289363